Kafka 3, zookeper 3, Datasize = 1MB , consumer threads = 3,  num of messages = 1000, partitions = 3 , replicas = 2, values in nanosecs, test round one after start server.
196929241
46726197
46097872
39588876
41775617
42540940
39297109
41621216
41486442
37322329
41161757
41292016
39438927
41110325
41033905
37288711
41110941
41287956
39162002
40906675
62592077
40433203
38764840
40772564
36726848
39972235
38902181
40602549
37825937
46964191
37523151
40178269
37175888
40002993
37712658
39134758
38038183
40821377
36791872
40345144
38554198
40418601
38255884
39932163
37921856
46520507
39823977
40791563
38044741
40122210
38033147
40116620
37754196
39781203
37454489
39937903
38229347
39950822
37466945
40160210
37628731
39949823
37208241
39931954
37689277
40234772
37237860
39488189
37543772
40154065
42763371
37285043
40136507
37849758
39968096
37519245
39643618
37515491
39488244
37768899
39926607
37302802
39260049
38364784
39554053
37856079
39274766
46316103
39340164
37448791
39357448
37070658
38848063
37470719
39252425
38016588
39316847
39421361
37216141
39429436
37193136
39013977
37345779
39792862
37482016
39527532
37555980
39600211
37404344
39220784
37777614
40075146
37247370
39705421
38081301
39291235
36861822
39517291
36743520
39086513
37444896
46004067
39603210
39431115
38221256
39348575
37063559
40491212
37771785
39053987
36389040
39254306
37253701
39180686
38099799
39060304
37696211
39277108
37266673
39175023
37615014
38817315
36814272
39804285
37502363
39192322
47427219
39674195
36994202
39272159
37744428
38990963
36911926
40011066
37035099
39686134
37134628
39365262
37230023
39275028
37318609
39616345
37386805
39429257
37097455
39525884
37208631
39480284
37622968
39059817
46346233
38874160
37539853
39439454
37495470
39208162
37510700
38991707
37635908
39593206
37430233
39099318
37641923
39422849
36886402
39292263
37484096
39633128
37664867
39478920
37025853
39749859
38009302
38896828
38898675
38372561
48345599
37989999
39194017
37080324
39413321
37329589
39200599
37798692
39080354
36975495
39677043
36997247
39152970
37556782
39491664
37142938
39380351
37263487
39502403
37334278
39652343
41015620
38690710
39221620
38076966
39690899
36128455
39288914
37493749
39434518
36830556
39454520
37381492
39802302
37820155
40283488
36772852
39347731
37646542
39342044
37603975
39481777
36546305
41470757
36972465
38774298
36915083
39230954
36885429
39307244
37670484
39407002
37084271
39196037
36998964
39300745
39325875
39090462
39126794
37270058
38787422
37166002
39155603
37329304
39557831
37530695
39144253
39067926
39067037
39376994
36864718
39858587
36437817
38790074
37268570
39248185
37339940
38927660
36670146
39595493
36949200
38915495
37643602
39359290
44604323
40340119
36935577
41337403
39020371
38420950
39708565
37456582
39186521
36638244
39134798
36810672
39567214
37263775
39243117
36746849
39374324
37442119
39542290
37240581
39099521
36973158
40132788
37044557
41221310
39547538
37943095
39294873
37934464
39251665
37316609
40033583
37090759
39583961
65847279
39090634
39419325
39238083
39091926
37701198
38557853
36672935
39129299
38007233
39587379
39073932
38757615
39406305
36925927
39131096
37343045
39477797
37765520
39574252
39436069
39352767
39334056
37655113
48081373
44570320
39177860
36424800
39496055
37174760
39425023
40887593
38079540
38706957
37448735
39261037
37924350
39348014
37094828
39538950
37445183
39568220
37449106
39063264
36746082
39577852
37068201
38750162
37395148
39370798
36504928
39125876
39020189
37560120
39448995
36940606
39115144
37838543
39407335
37053902
39165254
37464543
39051333
37307671
39361725
37106893
39338236
36957293
40443850
37242550
42135369
39155659
38122929
39221293
37204076
40491718
37262195
39284911
38121893
39262636
36666568
38961294
37358277
39217761
37452799
39080141
36470564
38779456
37471611
41329053
39014330
38219553
39499256
36282315
39435311
37293434
39146206
38179751
39334264
37158701
38870106
36130594
39159924
37453014
39344585
37300556
39449960
37319440
39159308
39253195
37719944
39716677
36960775
40230626
37555275
38859123
37262432
39373572
37398737
39876379
36893580
39057208
36898005
39329613
36903256
39338532
40949881
38979138
38887332
36576429
39211458
36961967
39399556
37245191
46203702
37192893
39202756
37382491
39050934
36379631
38759288
37102822
41490927
38716082
38515252
38771863
37280231
38470333
36262998
38956425
36393071
38814258
37279252
39222568
36959678
39012245
39081033
39113770
38792848
38415681
39187367
40914547
38721376
39197169
36452889
39211901
37057203
38984219
37475274
39320094
37131581
39031336
36902355
38562324
37196727
38967427
36920264
38887112
41224036
37408529
38723920
36035718
37895852
36963863
38932937
37019810
38914956
37402335
39163258
36937337
39775266
36489232
39064799
37387708
39524126
40557213
38287678
39082030
36512278
39044448
37205224
39427030
37560869
38695175
37277243
38996716
37125926
39435132
37125368
39160251
37630766
41566170
38530348
38541179
39460365
37074784
38226447
36799171
39072613
37229238
38976157
36964570
72265324
37110393
38759968
37349167
39350624
36733926
39113987
38953250
38081813
38902385
36075280
38955942
37644546
39138213
37346213
38911595
36285357
38763857
37449039
39065258
36544072
41077909
36016885
39170746
37641538
38403922
37355900
38580732
37038278
39303099
37239527
38527089
36844970
38932344
36774364
38651880
37170794
40368146
35688011
38688125
36351997
38767615
37381050
38866252
37322041
39094680
37298330
39066730
37063143
38897934
36782012
38998176
41354463
37594586
38769970
36035634
38688977
37185790
38786869
36473758
39014836
36980329
39236669
44377927
39111596
36552665
39428821
41260364
37410012
38366732
37452208
38966677
37715246
38734527
37219380
38957932
35775930
38623573
37505725
39037956
36996882
39070158
40764103
38006015
39154179
37531422
38523940
35908046
39318262
36954889
39116713
36702095
39105187
37414990
39190134
36813211
40965143
37302042
38993853
37666675
38998917
36994426
39449062
37473723
36569800
38796568
37142093
39164195
37458058
38955867
36675840
40971045
39176883
37843553
38544645
36358859
39131491
36336559
38943753
37230529
38906265
36604841
39167737
36711879
38996994
41037483
37435296
38429320
37307326
39076838
37542665
39043723
37328867
38589895
36684832
38507805
37391982
38787424
37129953
40737942
39109225
38449189
41616638
37261055
39098015
37711604
39011177
37272587
39063944
36619361
39067027
36753635
40367270
36880412
39097179
36590793
39127869
35978242
39088361
37007959
38970366
36682640
38965729
36469685
38968737
37280722
41244010
38977353
38161122
39207463
37004316
38748764
71680438
38650486
39154354
38469351
38676617
36708968
38678897
38613673
39010645
38850251
38244935
38826486
37725200
38931225
37544417
38728441
38965640
39018113
39050355
37984187
42011953
39166146
37398343
38684805
37835721
39011778
36479299
39301915
35705817
38708995
37183446
38686912
36998760
41622416
39076742
38071583
39144073
35365599
38343735
37119494
38708355
36845326
38644123
35882638
39189083
37314744
40760415
38566040
38069028
39029886
36777284
38924370
36171193
39080561
37200202
38924563
37060522
38749650
38841300
38991940
37615606
38985592
37294166
38743723
36624869
39359605
37475409
39043013
37134946
38676564
36352444
40699592
39063858
38602880
38836005
37209124
39115174
35691746
39021749
36851925
38992461
37141347
38852581
41113859
37999092
38690216
37202089
39141233
37169148
46203877
36937041
38706393
36305439
38993663
36553608
41060827
39256875
37714728
38672582
37839765
39041468
37209268
39377587
37042421
38747765
36634348
38715018
40924923
37782926
38679038
36126513
39152969
37196809
39185802
36940353
38653444
36554929
38934254
38244860
39176758
36494777
39044926
36552758
38798927
36353632
38675538
37233774
38852290
36971345
38944736
41009634
37702170
38959837
37288864
38818552
37287549
38873162
36892391
39016341
36908865
38971677
38457672
38581589
39076083
38309224
38776583
36633289
39408465
37152378
38761046
37140633
38655485
36557020
70481400
36376302
38568444
37081706
38548245
36834182
38906529
37302617
38884444
37125949
38591468
38683570
38866869
38563864
37768207
39146114
37703345
38635768
37125164
38770843
37009215
40614251
36602203
39224447
36811876
38645348
36604648
38814420
36961779
38626402
36904221
38898125
40882517
37066379
38453737
37558367
38637753
37741917
38888986
37197409
38703167
37138456
38948937
38661047
38290625
38716593
36984702
38727271
38110484
39057356
36996801
38976071
37238766
41301169
38538338
38114965
38555352
37341691
38386700
36998018
39078309
37021080
39144078
39146960
38984554
38914773
40441912
38793938
37765267
39063609
37139435
38416480
37346162
40550957
36811607
38216470
36455566
39015164
37185116
38672908
36793229
38976360
37031888
38819989
38497837
38252964
38410731
38862850
38983263
39054208
38882085
38841363
37477827
39087963
36494403
39286045
36431221
38643529
37387444
39276527
36546146
38960862
36985667
40410657
36869791
39158691
36268568
38593873
42377286
37670232
37087585
38533128
37460288
41038839
38652829
37474323
39025510
37045622
38279650
37593888
39063597
37165568
39089407
41331274
38175158
38820892
37393033
38812753
36309366
39117366
37193985
39039533
36964498
38276566
36903037
38984446
36887455
38850046
36899372