Kafka 3, zookeper 3, Datasize = 1MB , consumer threads = 3,  num of messages = 100, partitions = 3 , replicas = 1, values in nanosecs, first test round after start server.
201392352
36735278
34821995
26952654
31023014
30664585
27046266
30245060
30607990
26974584
30243278
30552730
26179587
29495385
30223997
26976904
30188007
29435741
25903760
30218593
40588333
25225841
29380863
26496865
29016421
29055244
28531774
30025361
26913039
28955609
25909248
29016653
27260717
43225215
27084596
28784792
24531876
28892581
26701517
28014374
27272902
29401456
24926927
29246748
26497377
35797282
28427901
29355597
25118206
28824372
27149932
28759059
27248023
28667147
26293537
28421262
26852231
28600540
26804310
28908114
25687453
28850069
34642894
28817784
27068526
28580798
25747284
28692981
26543007
28632564
31295168
27417643
28373071
26822804
28673494
25207818
28802270
26454877
28268529
26941306
28605355
25452730
28817886
26849929
28253169
26805236
28755628
25175731
28700910
26337750
28054764
26600383
36503984
25409285
27063885
24946901
28469883
28152697
26823812
28109012