Kafka 3, zookeper 3, Datasize = 1MB , consumer threads = 3,  num of messages = 1000, partitions = 3 , replicas = 1, values in nanosecs, third test round after start server.
189506847
31933328
33118458
29558331
29692716
29849589
29552552
29723222
29932591
29867596
30240419
29642099
33468281
29876866
29694119
29665504
29713745
29737403
29523464
29702642
37378025
28877456
29192470
28675764
28426218
29015026
28320466
28642443
28654351
28600462
28294152
28910454
28286920
28602633
28785438
28278101
28438544
28569724
28324233
28668345
34571652
28929914
29194019
28777467
28322553
34455451
28942321
26096234
28565691
26443495
28309753
25536986
28349950
26993622
28465876
28787306
28297024
28359583
26575655
28248692
26769945
28451655
25304879
28792132
25881990
28284375
25359134
28354407
25158911
28274268
34176976
28369716
26456688
28332091
26344606
28263325
26250399
28204200
25225318
28375547
25403440
28195700
25473137
28196199
25365387
28280979
24922596
28357597
25984536
28262548
26491680
28322747
24955569
28276301
26254634
27943137
27918661
25841961
27850295
26143616
27709059
27799472
27752447
27019400
25959516
28061467
26276591
27948137
26407895
27936851
25145146
27959066
25434780
27929037
24768222
28227566
26157946
28102285
26047944
27826574
24733539
32825630
28055148
24602434
27488698
26268860
35769398
26387406
28170027
25198850
26744160
25764919
28139154
26157449
27895095
24897291
28118821
25249882
27857842
25736600
27975727
25117465
27745657
24825864
27918690
24466059
34561292
27778224
30186273
25439682
27985860
26022828
27694317
25343995
28257594
24978076
28041649
24778990
27844089
25000653
28026143
24958364
27928383
25502773
27696084
25036949
27684899
24863349
27830015
25481880
35094798
26714716
28102104
26672012
29930898
26652097
27837134
25685269
27701846
25098348
27964322
25142048
27770112
26075350
27990806
26213227
27756180
24765501
27694241
25526614
28228376
24675747
28030554
26308423
27952636
28143224
25485283
28049946
26352122
27935217
26327159
28543496
25188966
27836232
25885050
28182341
26038289
27769970
25076386
28106957
25902869
28023345
26061148
27859331
24981834
28052455
25781436
29130287
28196379
27086967
28088283
26945863
27812476
25545980
28075095
26649103
28196890
25847218
27515524
25349408
27949287
25850149
28192533
25591392
27875843
25056580
27942793
26254963
27732278
28541637
28072457
26804400
27876534
26020101
27749928
25971498
27533259
25448230
28178231
26320886
28184875
25979226
28160603
26014422
28047108
26070700
27880840
26086733
28127156
25019240
27873013
25857675
28057495
27800258
27292781
28256213
26330445
28053026
25622757
28082039
25815716
28095967
25559921
28246625
25110452
27863398
26081976
34010857
26229964
28078922
24862860
28117487
25610589
30769976
27919017
27184525
27863955
26619406
28009292
84396494
28005244
26534147
27720766
25870030
27589784
25217362
27890697
25911684
27999897
26235405
27910746
26444100
27614976
25949655
30683069
27849994
26863820
28013096
26386176
28203269
26266523
27708980
26225127
27627453
25968805
27498237
25113086
28105759
26040607
27835255
26351808
27798404
26156471
27551179
26289519
28107288
28082981
27656648
28078909
26469581
27872645
26200154
27690659
26308303
28135067
26371672
28767534
27683149
27961857
28027887
27018675
28075600
26554176
27876094
26102987
29525942
27892840
27466091
28014795
26576841
27836849
26330072
27668364
26049786
27593123
26112745
34856568
26452624
28365323
26328849
27495782
26317476
27657330
26054724
28080962
27876175
27230521
27756844
26265437
27978843
25559092
27828507
25964391
27949427
25553690
28197336
26161729
27945572
25636460
27626136
25867420
27692223
25912590
27421653
30112746
27259544
27887741
26606252
27720993
26422422
27615821
25186951
27914011
26714346
27987183
26107989
27919411
25909797
27998259
25999836
27697338
25787728
27852166
30161608
27114987
27989092
25807994
27859984
26395213
27647018
26024211
28227378
24724032
27596243
26231735
27462247
25729659
27837578
24737835
27899055
25861021
27749952
27787603
27576926
26379618
26964902
27840183
25766714
27740572
26170289
27916420
26127316
28099985
26361060
27596345
26120866
28039798
25780375
27787013
26466158
33639279
28128950
27879581
27057285
27925524
26490367
27647093
25436197
27798846
26226042
27735668
26181126
27668167
26370541
27710060
26263877
27688897
25609285
27892475
28146174
27446975
27927041
26555452
27884092
26223800
27703410
24981424
27928175
26184441
28002223
25895073
27809669
26196171
27417709
25699140
30269614
28024265
27173226
27488682
26461284
28034262
25441311
28032365
26295640
27725790
26323946
27699633
25350579
27467692
26423904
27501651
26079647
30137470
27902511
27099547
27589411
26435151
27794171
26620355
27834779
26374599
28061428
25214235
27678303
26025154
27655880
26221425
28278921
26170577
29723656
27687744
27250552
28070535
26356487
28348125
26104997
27978630
25597241
27715667
25907756
27853195
25684439
27977557
26272360
27757033
35153690
27891206
27795989
26750086
28106474
26422101
27720817
26181878
27727138
26158039
27484308
25726206
27622666
25971238
27570348
26546989
27684529
27665176
26176982
26997392
25412999
27870001
26042355
27730497
26097180
27640458
24682973
27797809
25022693
27613716
26214355
27730110
26771280
27675943
25637757
27476524
27687081
27922068
24209368
28020621
25389763
27723175
24668156
27625828
24856086
27127529
25045443
29743058
30250690
27664091
27796918
25593008
27668235
25318705
27462269
25828801
27352910
25313447
27660844
26380939
27677438
25967244
27659741
26851659
27521033
27499710
26153245
28023091
25631927
27602595
25836587
27802019
25213436
27686785
24784521
27934660
24740446
27602468
26434554
27562006
27522217
26089182
27645537
25407060
27563480
24866577
27819698
25426177
27720722
25895740
27648591
26247490
27582653
26905798
27694112
25200557
27678195
25885114
27661531
25037064
27742808
27475344
27261472
26512177
26334908
27750347
26313900
27874345
26093988
27742417
27375676
27771650
25569372
27522601
25137072
26601315
27861848
25121955
27439625
25027603
27559259
25318680
30039296
27691835
27129655
27592997
25154914
27463095
24980568
27782555
25839858
27431668
24839561
27789629
25903724
28097821
26140532
27449714
27648073
27210942
27577996
25601133
27560816
24946875
27709191
25116634
27756669
25173608
27471104
24942417
30169045
32380699
27850692
26159659
27671698
24750124
27617446
26061961
32553641
25086058
27788006
26001471
27751510
24898388
30116778
27718130
26238641
27576087
24925083
27561037
27298974
27575210
27364482
27936607
27577813
27440234
27437518
29730310
27820816
27668845
27856102
28226166
27648016
28068597
26618492
27700165
27675791
27692898
27724827
27912467
27806936
29602306
27952463
27824352
28114234
27546907
27892531
27757450
27952717
27914589
27749807
28084308
27767950
27697138
29695574
28077388
27841789
28086361
27891388
27783013
27913901
28018503
27725625
27824942
28004406
27883295
27793050
27970049
27928170
27816382
28107419
27882758
27857535
26975016
28018639
27574893
27832202
27793869
28030384
30636623
35319246
27947987
28061202
27933646
28077528
27759997
27933949
28176167
26686499
27882302
28038872
27947480
29994940
28034872
28098111
28036636
27768782
28043115
27842719
27735465
27956406
28017549
27806818
27969467
30599920
28232546
27699181
27428171
27766790
28004316
27577242
27823816
27162453
27576290
27786986
27891374
30617338
27739626
28081537
29680225
27986810
28134980
28126474
27593232
27872241
27644015
27832329
28204078
30147531
28116794
27775056
27869203
27770353
27187512
27919339
28191736
26614653
27922466
28191936
27798183
29646286
28036269
27742303
27816725
28020359
28302725
27978203
27894744
27723570
27713043
27817380
29171483
27671584
28154414
27092884
28002226
28076767
28219876
28120232
27927558
27769499
27848072
27973611
30810060
27801182
27655621
27970223
27902119
27908124
27063237
27484164
27736613
26551158
27342230
30401583
28545707
27964659
28254735
28029723
27701624
27811886
27862534
27880560
27936560
27775623
27495628
27807985
27903977
30379530
27816023
26720576
27750933
27689543
26747870
27655552
27483177
27694453
27756561
27443939
27747229
27743963
27723564
28083455
27676884
27808739
27753124
27856934
29884771
26988513
27720505
27942280
27656750
27977526
25837405
28041962
26485371
27689783
26020233
30332442
27966843
26694002
27761320
27026034
27969299
25800875
28024120
26102897
27686144
25993162
27731093
27780383
27303580
28125740
28466913
27643434
26752139
27669683
26932815
27819486
30211114
26722123
27919887
26250318
27736231
26096071
27715699
26713509
27760677
26546359
37133675
27784483
27501521
27915986
27993626
27760017
27579381
27856662
27664578
27638395
29703074
27638698
27663493
27626122
27726027
27874846
27780060
27584738
27725043
27751297
27512172
29442595
27887742
27999360
28014696
27817146
27871365
27974596
27856161
27984426
27958860
27871445
27771855
27542408
28333640
27801162
27657432
27738648
27837658
27813069
29579877
27672089
27853225
27865445
27732651
27763480
27805262
27318740
27873351
27678374
29917721
25425051
27419558
26181187
27871133
25639621
27723765
26222684
27639698
26120753
30276874
27599613
27572499
27553449
25531343
27961327
26268144
27891863
25993202
27507670
27593928
27217899
27619775
25298981
27766696
25988629