Kafka 3, zookeper 3, Datasize = 1MB , consumer threads = 3,  num of messages = 1000, partitions = 3 , replicas = 1, values in nanosecs, second test round after start server.
183559892
31579011
32654976
29915848
27890592
30144818
29872532
27404404
29365380
29844857
27060740
29992525
29773936
27478413
29748759
29609507
26565320
29557826
29964183
27483401
36652907
27757136
28730410
25831425
29075579
29154582
27262588
28769225
27410818
28760869
26570628
28793616
26143225
28878816
26554993
28638706
26459312
28933600
25843053
28717396
26320044
28258484
26599472
28977683
33001019
32164846
29082051
25277818
28817472
26649121
28618499
26647285
28771394
25386139
28949725
26425672
28977197
26783806
28920159
28924084
28446454
28575440
26153646
27685013
26422268
28706675
26155020
28445667
26455896
28732827
31188038
26480218
28680777
26949466
28517068
25794925
28792630
25639663
28734432
26267150
28527223
26562981
28385604
26571814
28480624
26382691
28184867
26121840
31623055
26296647
28395678
26400333
28155449
26788069
28070074
26139443
28053622
28231224
25017383
28367477
26311810
28431779
26332089
28129693
25667081
28395102
26156379
28226184
26572687
28205107
26472066
28536840
26691909
28363401
26101638
35535673
28247150
26800994
28159369
26438298
27111085
33780517
28378472
27984216
28251729
25620011
27678373
25265251
28436898
26849689
28155424
26522985
28330563
26109743
28073444
26303261
28119013
25487092
28228337
26402967
28321021
28506008
27985706
28238141
27100660
28062963
30064886
27549478
27995526
26899852
27310176
25630366
28407115
26266185
27145342
26684578
27342442
26198282
28407452
26199575
28228708
26092359
28235673
26374892
28276077
26538317
28177150
26483326
28190359
26275063
31842020
28404322
25923413
28214099
25947179
28089861
26126943
28244246
25841702
28297148
26346504
28490358
26343376
28103579
26111616
28291396
26160096
28599185
26241674
28452458
26592358
27975370
26522719
27856823
27914770
26434472
27828401
26975093
28362360
26331847
35500715
26384137
28040793
25389813
28386768
26248246
28373790
26318549
28275430
25191752
28216369
25945774
28079445
26341054
28165002
28412881
28319706
29334260
27437586
28323135
25987447
27949113
25867267
28149628
26901736
27128640
26363210
28339221
26487969
28268467
26145692
28167273
26105267
28319118
26146181
28241800
27943328
28381655
27919462
28725756
28100377
26732076
27702937
26517824
27637258
26289164
27086471
26106783
28162397
26220431
28119923
25482380
28433793
26210250
28441692
28535476
28364100
28326129
27121006
28011381
26226953
27970906
27866424
27203771
28145712
25723950
27819428
26225497
27971703
25287603
28131101
25268620
28199622
26018427
28027417
25385968
27639454
26767472
27773483
26140663
27507695
26801909
27913049
30471433
26240560
28306557
25726127
28012252
26420945
43347242
25468327
27991157
26031504
28285889
26258559
28045341
26230625
28196511
26165796
28308649
26426938
28148604
25631047
28376973
30238578
27014411
27748720
26710034
27994095
26442150
28399145
25051379
28413153
25910481
28539661
25973847
28098808
25736492
27965062
26143834
27672874
26356714
28311662
25250089
27796761
28035123
28263444
28184269
25845713
28234929
24503040
27667355
26164241
28055396
25044595
28195743
24646315
27604456
26375265
28275903
24305879
27284171
24897477
27633813
26142306
29384752
26639605
27627742
28193821
26489797
28089542
26509869
27918550
25281235
27840994
24835343
27902589
25149173
28181434
26009905
28204916
26027400
28035434
25161720
27777307
25645051
34247429
24354811
27682580
25266083
28584012
25832872
28126542
28123701
28384501
24689449
27902468
26539153
28054391
26270631
27923567
24837497
29237666
25005469
30297249
28261959
26369889
28053037
26765820
28045055
25593115
28010154
25549900
28236569
25072611
28048570
25049025
27645327
26351805
27873904
25165513
28140771
25379570
30431029
28083250
26094192
28080327
26457167
28456748
26302341
28195177
25134182
27728481
26127984
28238711
25223950
28110685
25178969
28252602
25868156
27938492
26072732
27966297
24976001
27989630
26146457
27990351
26270617
27810202
25149880
27972748
26399986
28269721
26150157
27984002
25703160
28083078
26680802
27848928
25643969
28982965
24658597
28506872
25903117
27977788
26101702
28025023
25837452
27799186
26021738
28189579
25962316
27970183
26051274
28381214
25968776
28033652
26089356
27366760
25596790
27648181
26213240
27985077
25475575
28066388
25971954
27777685
26540449
27863688
25046094
27476494
26297479
27862497
26305396
27663127
29809040
27611582
27889588
25571656
27809702
26379586
27880739
26002415
28282305
29098217
27839037
26094189
27018278
27540471
28011116
26422845
27902801
30244036
26800415
27823636
26556622
28063471
26273380
28090240
25582596
28088625
28025112
28257727
27989273
26808938
27787462
26552731
27862040
25806138
30062724
28013266
27616839
28175609
25698152
48822973
26357934
27786662
26079024
27967007
25738040
30168231
26090307
27736166
26216059
27643121
27348960
27818793
25607462
27943745
26431018
27811185
25746541
27538115
25841374
28104946
24731972
28120332
26179563
28154990
26027471
27886217
26170974
28001360
27612557
27576089
27973579
26622460
27843264
26218072
28009392
25068931
27925667
26037086
27647642
26116481
27901158
26221589
30343204
25392274
28097488
26048943
27353566
26171547
27892939
25035191
26833801
26167014
27508704
25871190
27759127
25491808
27480958
27444266
29922947
28131408
27493812
28227271
25254279
28001397
25694685
27690517
26178154
28070843
26220561
28033843
25199940
27768545
26445625
30100203
27088975
29360025
28109273
25966815
27633611
26925671
27646914
26598423
27896199
26480363
47543678
25175932
27627510
25901035
27956332
27805157
27540901
28315956
25472901
28073757
26622420
28085424
26296922
27811676
24960532
27857217
25445788
27872544
25966712
30229708
25202000
27678741
26148586
27856612
26190931
29938789
26041628
27587420
26372133
27677729
26180653
27699930
24977305
28123932
26738035
28075136
27865117
27586811
27973247
26753145
28061282
27197541
25658620
27988934
25997664
27711427
26193240
27920153
27535181
28016034
25426933
27945516
25811259
27372901
26136139
27928776
26223096
27300613
24904193
27627221
26214929
27912504
25844804
25322961
26936859
27641019
26745824
27879550
25800875
27941720
25114645
27785649
25970662
28203497
26027529
28030948
28072655
27483818
26160752
28043201
25277759
28194518
25070587
27696812
26162469
27860724
25105269
27652343
25262754
27684995
30336595
27099001
27968265
26436659
28013095
26266727
27807061
25010272
27775014
26614070
28019509
25053698
27891644
27419720
27721194
25822857
27990776
25234819
28181332
25937570
27542201
25927003
28183159
25826116
27781691
26083514
27899907
29781895
27228931
27879501
26493566
28039249
25494289
27940357
28253989
27706611
25929337
27977969
26046787
28187968
25956058
27422276
25986604
27901058
26357691
27885107
26205259
27664289
26285846
27913919
24956609
27971958
26346452
27727411
27863007
26545574
27961825
26804051
28046414
26568194
27720284
25146540
27498619
26254276
28017196
27780935
30074157
28298820
27354640
27953352
25557460
28117904
26693999
28006473
25369942
27992439
40565087
27790669
26629167
27972607
25611523
27933965
26052362
27499846
26360441
27737595
26373621
27944535
26060016
27565924
29954866
26881346
27894307
26507035
28059640
25188487
27826659
25669208
27685810
26525931
27781950
26094982
30302160
27786538
26398205
27979805
26885460
28082376
26626143
27553950
24999949
27694406
26214816
27799086
30334994
26721260
27741181
26570135
27910784
26352292
27496854
25879605
27442957
26252473
27680006
25379166
29783833
27988204
26767281
28008608
26363224
28032863
26531625
28005951
25203982
28119174
26062958
30192815
25694981
27771792
26028460
27968181
26061595
27718286
26374153
27451587
25281204
27613737
26248699
30261806
27873374
26885901
27922646
25986977
27809384
26483064
27756306
25970831
27741594
27919504
29988721
27908287
26895768
27833939
25272369
27929003
26377443
27705393
26074685
27799583
25291158
27912210
27649675
27242699
27864918
26517901
27882389
25978900
27702629
26248693
27669122
26419204
27748839
27803656
27808361
27886678
26543299
27729464
26734307
30205548
26192456
27641897
26106354
29853161
26372219
27658058
25946772
27806459
66030601
27949503
26109788
27786956
26001263
27897281
30046746
26882516
27879507
26545967
27773833
26342679
27553371
26455384
27772381
26059140
27823335
27687707
27156646
27876638
26300086
27857792
26680579
27313469
26500327
27684344
31434905
29975215
28093792
26921633
28054138
26688894
27721208
26571123
27814489
26634908
27663132
27612645
28017758
28037639
27015986
27835113
26472128
27667465
26713286
27548073
26136671
29967444
25977310
27512850
28461579
27763326
25756184
27573070
26172752
27859950
26141120
28205188
27722347
27223528
27926305
26679306
27511236
26691863
27567015
26175216
27696960
26384453
27690883
25608238
27983754
25892903
28084480
25442978
27630975
25876756
28142849
27684820
27835791
28306849
27819037
25917135
28029463
25969964
27291584
26346896
27945139
27738619
27925065
27605993
27238094
27885110
26571207
27636426
26739975
27743064
26404871
29944974
27763161
26903018
28263797
26392291
27864514
26336452
27769001
26115178
28067970
27520626
27784586
28271507
26515855
34522736
26325926