Kafka 3, zookeper 3, Datasize = 1MB , consumer threads = 3,  num of messages = 100, partitions = 3 , replicas = 2, values in nanosecs, test round thrid after start server.
190490818
47759086
41362764
40546003
41324925
38380782
41054933
41407052
38639709
40843276
41552671
38519036
41051991
41152984
38899309
40673576
41078399
38792811
41020405
40936006
48229289
39647904
37382803
39824383
37370975
39716222
39969927
38676177
40255182
38449290
39958898
38428228
39496061
37408895
40043256
37766879
39826622
37428334
39872116
37529161
39236775
38205258
39683515
38085728
40297276
46046011
39356041
38428089
40114256
37987742
39706107
37132827
39353205
38109017
39898141
40409832
39809018
39337294
38200684
39531732
38511285
39849659
37797382
39983069
38107956
39435048
37231728
39453785
37335958
40180557
42079664
38171004
39810263
37607169
39628296
37283888
39982139
44861855
39206961
37381306
39786604
37664018
40092359
37635690
39786812
37178032
39031383
37300160
39804767
36970587
39609491
37201889
39274944
39365128
39454114
39303846
38402596
37909290
38969199
37450129