Kafka 3, zookeper 3, Datasize = 1MB , consumer threads = 3,  num of messages = 100, partitions = 3 , replicas = 2, values in nanosecs, test round one after start server.
216823873
48131719
46965179
39484179
41642171
42642140
39416460
41183484
41278180
38971824
41641130
41328729
39104908
41195073
42501743
39347533
41275772
41740152
38840784
41455060
49448785
40842387
40808182
38639409
40345276
38893701
40797635
38724455
39172637
40185381
40372449
40717667
40098667
40295036
38503881
40405270
38475849
39530301
38617725
40219577
40609082
41075259
40300294
37675924
40251518
46312226
40612631
37847083
40266120
37171819
40528147
36247252
40564487
35807450
40617275
38510684
40434404
40253816
39856522
40261093
36505856
40019812
37672456
40182103
37932629
39166692
36521126
40923146
45182315
39980769
45044528
40279075
37375699
40234683
36675512
40056810
38473522
39987404
36357865
38607956
36548711
40189360
38061813
39773504
36064824
39775513
36547461
39169492
37345416
39789919
36260469
39451230
36873236
39422559
37360190
39763573
39126474
37914612
39068532
36276819