Kafka 3, zookeper 3, Datasize = 4MB , consumer threads = 3,  num of messages = 1000, partitions = 3 , replicas = 1, values in nanosecs, first test round after start server.
238279823
133224569
133476037
108090046
106824822
108523077
104894693
105505891
112965419
101860456
111539365
116850684
98068562
96845419
95975402
96635466
95978600
97671126
99367881
99556084
98371620
107543929
99695176
98104209
99070272
99111219
97608601
99573236
99001987
98644569
96053149
97314922
96248361
102839647
97270878
96182741
96272358
95593002
96894892
98592220
96831144
96777411
99040169
97464764
97367532
96082662
102843405
97195084
96633375
97672603
97585567
95944937
96713802
96070097
102562287
97118636
96293884
95197355
96799253
96460871
94402143
97029776
95982784
96648699
96703021
96668437
95538176
96723370
96676888
96369851
98373575
104735811
95591595
96162196
95504289
94288046
94702302
95012557
94344232
94755204
96518580
94527870
94194466
101698392
95982504
102257712
101225018
95694616
94859563
95219217
94998312
95293302
94600483
95139083
101383224
95529913
95386685
94767931
95025942
94644039
95922164
94685708
94645576
95883645
95802611
96165644
98516475
95274174
95305500
94810377
95238228
95824701
95789268
96888916
95405104
96179131
97216896
100396422
94833142
95289529
95509079
95055768
96248246
95210740
95006449
94763353
95519054
95878785
97677439
95287659
94747661
94523315
95079531
94549631
94026638
94127096
93639101
94051325
97951149
94703529
94452365
94439638
93884874
94298752
99848749
93661397
94117158
94498424
94119157
97516203
94860398
94565017
94379252
95009986
94345140
94212102
94738984
94960626
95442108
102810118
95142361
97207517
96210549
96205397
96525568
96145307
103856452
95040515
95801426
107154702
103811170
95047510
95290942
95775826
94744752
93751145
95997474
96773501
96413439
101403319
96180979
96368694
94784343
94899690
94502631
94424209
94617339
94801072
99415747
95397449
95543140
96315027
96124268
96599545
97199718
102195315
95236822
94833759
106913312
95170674
95351181
95624787
96250667
96620012
95569231
96328622
96506041
99670252
96340347
96559482
96230236
96571533
96894868
96681959
95667393
96267024
100648001
95904880
96306782
95669637
95599911
95482873
95294490
95395894
94649144
97322662
95218620
95042767
94804632
95420239
95414453
95395166
96195928
100073450
103889001
97170103
96288521
96536903
97450768
97475848
97365857
97094135
99154706
94874401
94664442
94617041
95062042
95506282
94608344
94784598
102570155
94059535
93737205
93854792
95200198
96335110
94270846
93821691
98511403
99803254
100980065
94496621
94267028
94028788
95565588
94333117
97543598
92975140
94300468
94544063
93676932
94183234
94195750
93543731
97326643
94364511
94788322
94310645
95531474
94296262
94141762
97099823
95224583
95215554
94924775
95729417
96225750
96172110
95889912
101271857
97381826
96092066
96351038
97119158
95714780
96511801
97270800
94678016
93824336
94137824
93916701
94527241
94116678
94612823
93898456
94622676
94537997
94824277
95459617
94785281
95002300
98492952
95424770
95346482
95630216
94573502
95799864
95525522
98509019
96270956
98749010
96347527
96731997
98030772
95800635
95612579
94126240
95406839
95415786
96050202
100605249
99937851
94725080
95050139
95538378
95069352
95574197
95561261
99695878
96156302
95271010
95231499
95962284
95543250
95427225
94825389
95715038
95118163
94758098
95501375
95674476
99082855
95649454
100970636
95464045
102764912
96018391
100911623
94895276
94625915
95199169
94920600
94886346
94472193
93812227
93310171
93270961
93977828
93320706
93626931
96746312
94161001
93850877
94838933
94649262
94643735
98420417
94875356
95216278
95001920
94768696
94841511
98850120
95948086
94594844
94246976
95107138
95421777
95601935
96175999
95579240
95221781
96093178
99207477
96662338
97066038
95673276
96181972
97663525
96172654
93788661
93518919
93618228
93661591
93176742
93744018
93300658
93410328
93355741
93718998
97742839
93791839
93062539
93825450
93806079
97889331
93819144
93970630
93802508
94379821
93715700
95849620
93500902
93496730
93315088
93496820
128900991
93928529
93883228
94023014
94128486
98544495
94578968
94071685
94385305
94046689
98854975
95034220
94660358
94911215
95214685
98444257
94898406
94222894
93885750
93174348
96619590
94401284
93807488
100274459
94441272
103265788
94329832
94398261
94864803
98735635
94662078
95543644
95187724
95145716
99880968
94911931
94354475
95055765
95232614
100925568
95563206
96359978
94938427
97213440
95730064
95358121
94942973
96018686
99337270
95193254
94976351
94073304
97403248
93610280
94652251
94039773
94229343
97393137
94004375
93285235
93095132
96102535
93987866
94394104
93536061
94355428
96381901
94331940
93862149
93437379
97675401
93752677
94127925
95021861
98978765
97793908
93944011
93088091
96439800
93448417
93835083
93579558
93998009
94553933
94536378
94546546
92995813
93583259
94400448
93553207
93316445
93374624
93603750
94269884
94004876
93405811
93837621
94128884
93740261
98094833
94093299
93607392
94241570
93847695
93929212
93751026
98068099
93933788
95896298
94492753
97179470
94123440
94362779
93772977
99425739
94228824
93766772
94416293
96801193
98691906
93623489
127092923
128069572
95741725
95709362
99801209
95014330
96489967
96286703
97959238
95714930
95354272
100325063
95985371
96020334
95568557
98746495
95854674
96899452
99670242
94811016
94022755
93746746
94315137
94769347
94767454
99228381
94877995
94714205
99632731
94404664
94973755
95492746
94969815
96417188
96172231
98919575
95253225
95831146
100331683
95497814
97903900
97709126
94622256
95290042
98480078
95021021
94888514
98643702
95443328
95789058
102833112
94955985
95328237
93857753
95901654
94944633
94421190
94189738
93965911
94754385
94427668
97766517
94407286
94247248
94463621
99689080
94554266
95343269
95287825
94354510
95305168
95271065
102433862
94908705
94297019
95878705
98407643
100382259
94649462
102464109
95159926
93886097
94838396
94614434
94441231
95261171
95058953
94723291
100870927
95493246
94982334
95253777
95178822
98168192
94243220
93510376
93455619
93064888
98403300
97045519
96918310
92915135
93759038
97621857
94172834
93801085
94159954
93434640
101093051
94167047
94051871
94206169
94181062
97045613
93854587
93749286
94415305
93706141
94061167
93474478
93692946
93716781
97651703
93547126
93872367
93522626
93515623
98698984
93475984
93123975
93585235
94268581
93758415
93729820
94316454
93669914
97974241
94720519
94213270
93970034
97837856
94010045
94510153
94158513
94207114
100170430
94262219
94923365
95100528
98009269
94815623
94597831
94084038
94175859
97580563
94885672
94761947
94860478
98584916
94078780
94555243
94115021
101003127
93953892
93734746
93430354
98176326
93384874
93965006
93429190
93312508
93514183
94346347
94676644
93667455
94265021
100476519
94343641
94866784
94134160
94913901
94325594
94468221
94801892
95356995
94169068
94219901
94172651
94607253
95594165
98908722
95298281
94802333
94254217
98136860
94762734
95278176
95585122
99334014
100003380
94582774
101146600
99384356
94513427
95910584
95768091
95376157
95944816
95594429
100018796
94813845
95313128
94641634
98604755
95130056
94916310
101089164
95630871
96165039
95834193
101035733
95695806
95401200
102112061
94812458
94051794
94386581
94075359
94327613
94083626
102408361
95039286
96582727
101473999
105346755
101753686
94921788
95475664
105160968
94833953
95316554
96604169
95988324
99828662
96702262
95986983
94132898
95346920
94550337
94672333
94415889
94657169
98781822
94878766
94548359
95258084
94809066
100979466
94305303
94294855
94204793
93976630
98420801
93159976
93535195
93604635
94583561
93399184
94487803
94353271
94452899
99877007
95426703
95965448
95595185
100045948
95676995
96168435
95600925
94197496
98656115
94887472
94980767
95015473
99202225
95429830
95128140
95327148
94991791
99478469
95340029
95195482
94810510
98546027
94770768
92877773
93172158
99409644
98816823
93640999
100131979
93754119
93471714
94191493
93962258
94314134
97835581
94849529
94396045
95272860
98825756
94424199
94114348
93999719
99108439
94224351
93746805
94101313
99173558
94176125
94804656
95771192
99915819
94155770
93921090
92844840
96723584
93286889
93345804
94081858
95901501
93763447
94372437
93676960
93688893
93695611
93739796
96504468
93967863
94116209
94239136
98761815
93248424
94192981
93995914
98531244
94456275
94376243
94338768
94008519
94215244
94480072
101154002
94242903
94204252
94291857
95899864
93364235
94077319
98332360
93841230
93510104
93054615
96705174
94161510
94451936
100165809
94451680
94176287
94549408
98482964
94947680
93863477
98949484
93566010
94079253
100322320
99962738
93251407
93533139
96830152
93623084
93413359
93718921
93572271
93281324
93660545
93586808
93366994
93107641
94064648
94006071
93535756
93685782
94237437
93335075
93304781
93514218
93984622
98028289
101006009
92850028
93543407
93338722
97424228
93444364
93405708
93639127
100064507
93796996
93779156
93086883
97720595
92487036
93350318
92865385
92711787
93082901
92304648
97010884
93483802
93429524
93273867
98565763
93345976
93584303
93759774
93489103
94121575
94104794
97841497
94696965
94465717
98354785
94397409
94389729
94907808
98468700
94137017
94498741
98879985
94891263
94682837
93885437
97442984
95026240
93600675
98946656
94383884
93636196
100552772
93665353
93228902