Kafka 3, zookeper 3, Datasize = 4MB , consumer threads = 3,  num of messages = 1000, partitions = 3 , replicas = 1, values in nanosecs, thrid test round after start server.
226764633
104192432
102876535
98305517
99277813
99495298
103877984
99233220
106153753
97292259
97445076
95431626
93866248
94789686
94195493
98820533
93331560
95007097
94449591
94676623
97498218
93711209
94524594
94142557
94619925
93973184
95130881
94907935
94907843
97510583
94481376
94661944
94513763
102386453
94275664
94069830
94105339
94007317
99589450
94339377
94697513
94629201
94515831
93671091
93878343
95084212
104649105
102273758
94537784
98553191
93554953
94256775
93707927
93734985
93678492
94432457
97400967
94109508
102998421
94130628
94338833
93833997
94741716
94617680
95048950
97173414
94112107
94617684
93662219
93867732
94177190
94268325
94387036
94888347
96903261
94223546
94597363
94352190
94029722
94056475
95165261
93949689
94843418
98159512
94700017
95324106
94961882
94072360
93920577
94232825
94318864
94075603
97124740
94120676
96942787
93690710
93911526
93132142
93639106
94052834
93794427
96453974
92780533
93387273
93178248
96558273
93570320
93756652
93940336
93614280
97076914
94510580
94484846
94952197
99704703
94318491
94841872
94107215
95790811
98822552
94562832
94378498
94436790
94574058
94171158
94798439
95336962
98935535
98276055
95048699
94876398
95442075
94346418
94255472
93984752
93506750
94316118
97667256
97912139
94575159
94167318
94160917
93995869
94337019
93552014
93945349
97333393
94454837
102648551
98895330
94215957
94080828
94262317
94010732
93854859
97267152
93514195
93231324
93655270
92538794
92916533
93254822
93379431
93388261
96498995
93158178
93513661
93021115
93358950
92523667
93303533
92910314
93695274
96143281
93539915
93038429
93330127
93270192
96358830
93726509
93381504
93857668
97176766
93974113
94027635
94040306
92665651
92897331
96645526
93623717
94416335
97481883
93901841
93842406
92969839
92983727
92940808
96188709
93585319
93956938
97365737
94571457
94590770
93790799
94035993
93585206
94303126
93699963
94423897
98712079
93467830
94566139
94371525
94754058
94079639
95168483
98417805
93810306
96795167
93782547
93707886
93123316
93397473
93181575
96128242
94207018
92819273
97242053
95399770
93200101
92768481
92965588
93169936
96031414
93432629
93890708
96468756
93542750
93572021
93614680
93536010
95519728
93637580
93639067
93937967
96906480
93889874
93115245
98983624
94313581
100476475
93584990
93883531
93826866
97363765
94361340
95050053
94072760
95755509
93894362
94100769
93889151
94436167
96993914
94540789
94236317
97105776
94658546
94017376
94514223
94471208
95109196
98053581
94236108
93723883
94575668
94635257
93823092
94071696
94649848
94905467
102437108
94248748
94338899
95227961
94936379
94227114
94006737
93482957
96719955
98739922
94669988
94244225
94430627
94682864
94370304
97588972
94039345
94715642
97873190
95116682
93679005
93934295
97218036
94308291
93886073
94779998
94585145
97972045
94071545
97729057
94455443
94527911
94061085
94474283
99412976
94191533
98890624
93376181
94374216
94232138
94264763
94097249
94402726
98002655
94025764
97357262
93725093
93780104
94237608
93938264
97894750
94506052
94602973
95151608
98079132
96712658
94679171
98379061
95012580
93983862
93950466
94384393
96151774
98855718
93350731
93785222
138657279
95183685
98141248
97845430
97749344
95239818
98202891
94188516
93784382
93914056
96717229
94641136
94190204
94177047
94122328
97197340
94274205
93690726
94317609
95108845
94548685
94415498
94469004
96865318
97749731
94463180
94296452
94599592
94177650
95580436
94416799
94526450
94594281
98130042
94283182
99351585
96628731
96450844
95511951
96122150
97049941
97765890
102291163
95242239
97171401
97007400
100750578
95561560
96401445
98277866
98611317
101290852
98716850
97689905
96836729
98408027
95566836
97081968
96831951
98956822
101648446
95720760
97789874
103061393
97272699
95252609
96300407
96910507
102880380
99718087
99506096
97099302
96643532
96935661
97562549
96052576
97201316
98252836
102006203
98335874
96981471
96692674
97516562
96146126
101635425
98262610
99136036
101336645
95212292
101594231
97732472
97536100
95515942
96053991
101811612
98071584
101110392
95431299
97436305
101564449
97868163
94519028
100815840
98552343
106070017
100913187
95725011
97165070
97919600
97480138
95110342
96083742
98120999
103727755
100098589
95867432
97756820
97572705
101623245
95393378
95937083
98060978
98117374
100845181
95877281
96816963
97818930
102041019
94614692
94764634
96962680
101609751
99267706
96160613
98296701
97094731
101798235
95750359
95731625
97479592
101233798
100009017
96638927
99091412
97142496
100377925
95321647
96241089
97383525
109712193
101459847
95313351
97954167
100018576
96799707
95634603
95882699
96126255
103658878
100546048
94580913
98128521
96920821
101507527
95395946
95788266
97621093
98915118
112926611
94884938
96814957
97428855
102079513
95552302
107469054
97285883
97712314
101646018
95776877
96971717
97072045
105323727
94983848
96753322
97340816
98734995
102034550
94582487
107422446
96378814
96868618
95661027
96140024
97640236
98433011
100889127
103313949
96972242
97064743
98379854
95240080
96026102
97165715
98084758
108141731
105285725
100920594
96879013
98143274
95349748
96114751
96985291
98031193
100170404
102860816
97516113
96941560
96934857
95044076
95972702
97546028
98588557
100704418
103546729
97194369
96285157
96944402
95527832
96490423
96884399
97771446
100786255
100112987
97021812
96931193
96830547
95287786
96975611
97177133
97961743
108460960
95014744
99442664
98563787
97127944
95507301
94745207
96503093
97180471
109844058
94652682
96998672
97509135
97438385
95339713
94531311
96901682
106244685
99509664
94523272
97091540
97645276
97964490
94841046
95310949
100028223
96875845
100648036
95801828
98879494
97760723
97862299
95080400
99239299
117347355
96221244
99093050
95212300
97764650
96586878
98196923
98779315
96070706
97276810
98769802
102192058
94680527
97385459
96933224
103955005
95326213
96634478
97551880
98910552
101106563
94028444
97537526
96494190
96932463
95337635
96084457
97587121
98663311
100667864
99107958
96261189
115890775
95717943
116255778
97228178
96972025
105018453
100255019
95726473
97594197
96856498
97944125
95333872
99140366
96637790
99278779
101381694
95313936
97461259
97137553
97588609
95284920
95981350
97120138
98635748
101056214
94986824
101182763
96783946
97008181
95351971
96810071
97486265
98509376
107410157
95256130
97630777
97725261
97942519
95808946
96329829
102912742
96671116
101313986
94557309
97417830
97723274
97466055
95214196
96628025
96793382
98474659
100962780
94626196
103499967
97183121
97620098
95708296
95971709
97200617
102407069
99410244
95391623
97619485
97870971
97902952
95505332
96489119
97105577
98240351
101297198
99003868
97349939
99433502
97360340
95379364
96495530
97713811
98373748
105203864
95580180
97397489
97729134
98436999
95516753
100025885
97278897
98264325
102590249
95589718
98484125
97780332
97857783
95058182
96431599
97507109
102216257
99816988
95402789
97529762
97718865
97862363
99480701
99998481
97749220
102829539
101705556
95257437
97690709
97131818
97665375
95959492
96878003
102333037
97104705
101267913
95292505
97322056
100344408
96519494
95579601
96669998
97760433
99036779
106473463
95580607
97204046
97667114
97692416
99272234
95862869
96648779
98495282
102294700
98715949
97241517
96654909
97248363
95888689
101192928
96495656
97456310
101227007
95019706
102867020
97739285
97031293
95060080
96795730
99871735
97351157
100379034
95382055
97867716
102633340
97270457
95299456
95827669
98316223
97233618
101291579
95074156
97366488
99720035
96133767
94964233
95341604
96339782
100541265
98961533
94705942
96617295
96548166
101702808
94951493
96610610
96978621
101503820
98902177
95335798
97349379
99907175
96677561
96003064
96364038
97117575
100463664
100474647
94902363
97791867
101150078
96423020
95642855
97452560
96974256
101372979
101242346
94324951
97153848
103218042
97534658
95050698
96718969
104704720
98898314
107303328
95471251
105475799
96279989
97293757
95578638
96577742
98291756
98398229
100851338
94979223
97632320
97892627
97896261
95526048
96600904
97501889
98197192
101024599
95113163
97521751
97351834
98107719
94693517
96652895
96993764
101113593
100107075
95349036
97285515
101041054
96714823
97998443
95962354
102851058
98568476
101338208
94811766
101760817
98257795
97684456
95980711
95919537
97790724
97750691
108365472
95393298
97358807
97838436
101368236
95178166
96211830
100877111
98829812
101399872
95002110
100384923
97479478
97138955
99541980
96069898
97802121
98639798
101229200
94806483
97582635
103508795
98186809
94495750
100218675
100420521
97837763
100936455
95384104
97232050
97728545
101146390
95601094
96789139
102325041
98194267
101043574
100010194
97092083
97443300
100087818
95629904
96150723
96981629
98402915
101917298
95496417
101151056
97585137
97252291
99817190
96090266
97090943
104659728
101425590
94763081
103439616
101762561
97739898
106550593
96443925
97139663
98218185
102660074
95405217
97137344
106344743
96326026
95580967
97401173
100418237
98610761
101965927
103143617
97450318
98100091
97798141
95082746
95663918
96697434
97928605
101582516
100183747
97353807
96845690
97582637
95773501
99363853
96282055
97116529
100903007
95257932
105927212
98460192
97447595
95356562
96484415
102615044