Kafka 3, zookeper 3, Datasize = 4MB , consumer threads = 3,  num of messages = 1000, partitions = 3 , replicas = 1, values in nanosecs, second test round after start server.
226048101
102738256
102335972
98691124
99384033
99383144
99955928
99745593
106781528
98209766
96735127
95947483
95232727
94557877
94746503
103719333
94554287
94443370
94189567
94039886
94420688
100656359
94839228
94316146
94829541
94387934
95160142
95463163
95041169
94602082
94227339
94528501
94699658
102810277
94351680
93996214
94978596
94764362
93850876
94025356
94803599
99284179
93645869
99781066
94844300
95401933
101680697
95140093
94474797
95407876
94905847
95237964
95013594
94692856
94932951
94491377
94756495
94194309
94522755
94170663
93469281
94032224
94545165
94903341
94420238
93904564
94353893
94153039
93789744
94500608
94727450
108462525
94392696
94643460
94625185
93421497
94447389
94191572
94206590
94698411
93923542
94612773
94381105
104947054
94163262
94492918
94067917
94405394
94311590
93792293
94222857
94472694
96355058
93150402
99431304
94277305
94415514
94019119
94126078
94553083
94023414
94210094
94226521
94832896
94477094
94020298
102360952
96523678
93917225
94398391
94208397
93556811
94172547
94181014
99398892
93842126
93875659
96697730
94515391
94077039
94468459
94721236
94269843
94537262
94166316
94472497
94327382
95396923
98267610
93685556
94586236
93807187
94075195
94372376
94721197
94235878
94576035
94873528
100508773
94691144
99038934
93924782
99069902
98087166
94294563
94941701
95225959
95908230
95258283
102088454
94942253
96245287
95174433
94318196
94466952
94160814
94017710
93877241
92995391
100646174
93738785
93757167
93394026
96545418
93466978
93183329
93093856
93113995
93397759
101884041
93831570
94361890
93601564
93721010
92867294
93737219
93558661
93286208
93582985
95554177
93916114
93622223
93841454
93443930
93347363
93637140
92488800
93928712
101245108
93084790
93648893
93654248
93585008
93480129
93210063
92634635
93293301
93136159
94746788
93813117
93610446
93000956
93456258
93784255
92627197
93920216
93630267
100536275
93599253
93821073
93501169
93846304
93454156
97460691
93619556
93509855
101576162
94779100
93659893
94225155
93502208
94393553
94706939
95098702
95339187
96786454
95344441
95344929
94209084
98699462
93078866
93332435
93470992
96898455
93462116
93989120
93466125
93209354
93378857
93153106
92526014
97177951
100309191
93496395
93857460
93251365
93797184
93840109
93535671
93612396
99796063
93181605
93425110
93778222
94556967
94805211
94465692
93740472
96480643
93453254
93557238
92230616
93620102
93918760
93700056
93888978
97810648
93836520
94365500
94800964
94047299
94162027
94180330
94437549
102418654
94150333
93926602
94548204
95690977
96080488
95903037
97352430
94064877
94642157
95016302
93622324
93968779
94129697
94241006
97964346
94807028
93731227
94332778
93796449
93689858
94115516
97916359
93540170
94732384
94065572
94237669
93921250
93858144
94407193
94152329
94062453
94294365
93816883
94095917
94404072
95199729
98375854
99046937
94527878
94228569
94338935
94962964
94366786
96629941
95365353
99165081
94173286
94826763
94892436
94782961
94288804
94932501
94354691
94265066
93748623
93566425
98551888
94005037
94134137
94394513
93931799
93776154
94666374
98348290
102362578
94320919
93851246
94338683
97391442
99121559
93983560
94424964
94811282
94912037
94664192
94313163
97259524
94234437
94411789
93427950
93677326
94145390
98955675
93412331
93774913
93537005
93964218
94286273
94079394
94265227
94613487
95347141
94087076
94006132
93884537
95889810
94238680
94373591
93919261
94109552
94049658
96180207
94251754
94304667
94426196
94554794
93981053
97265468
95161346
94871236
94094586
94064342
94142556
93510047
94531616
93463996
94439272
94473756
98857562
94181277
93940593
94032086
94488199
93606071
97513679
93847769
94324137
93805219
93824523
94165107
93589300
94719730
94274698
93809952
94071279
97738798
98755440
94929044
93904205
98339286
96584830
93688569
93849218
93926924
94053523
93612435
95610080
93526101
94027378
93636622
93694079
97061325
94810086
98373375
94562038
94479388
98945323
93387145
94670182
93491088
93421567
98399811
93498265
94476357
94026176
94277075
97704722
99523799
98351424
93835663
97246527
96489602
94449115
94178073
94196568
94648397
97473347
93995154
94686165
94013698
94167175
93197208
94401186
94480453
93910753
97947201
94616015
94107061
94691365
94152194
97607821
94452063
94240238
93876733
94361998
93431794
94081741
94465264
93975930
96991206
94199337
94329837
93277269
95751394
93099930
93689848
93977730
93211084
96051185
93954995
94105206
92394353
100293752
93286494
94129825
93282389
93492150
95527800
94136985
93637401
93880229
97725865
93808551
94072811
93503121
97277293
94075814
93801420
93434365
97700252
93571368
93628500
92924855
93196418
93615261
93201065
93769467
93924415
93501365
94102122
93848972
97800065
93525510
93368468
93687108
93511296
93382377
93996828
94145030
93463844
97080577
94011202
93958784
94572684
93855530
93477712
93356654
97199940
93356222
93771612
93672949
97108467
93353631
94420443
93885026
97354125
93598631
94552404
94928277
97027397
100601042
95378116
99209576
93459520
94478686
94906949
98811424
94096335
94561049
95823322
99971895
94812348
95150099
108374275
94926121
94798632
94486668
98969713
96005024
93656431
98049279
94090184
94154974
93674639
98294203
98439568
94302170
97273165
93677138
94596185
99305115
95095647
95092646
94411053
93005090
94545140
93998920
94983618
93866028
93545423
95945216
93734846
94280542
96990660
93949738
93611516
96171669
93057397
93969236
100007258
93855784
94309193
98510326
93988277
93663558
93330340
95612005
93703004
93225859
93091988
92890835
93111866
94596403
98460519
93347677
94773254
94420982
97273995
94524622
94764460
93999328
94632446
93955004
109803518
99892784
92546195
93534016
93603384
96262361
93444357
93549316
96568387
92674886
93401578
93721423
92949503
93606998
93811816
97233382
93898114
94237243
96124066
93677233
94188095
93498229
96943102
93654407
93963596
95742356
93898585
94379308
97416615
112427289
94993252
114905631
94273483
94031748
96262799
93399142
93360537
94268989
92901805
93441993
94186441
95735184
97179886
93869169
96956705
93417600
94051229
95690539
93687123
93333801
98009404
93383209
93859883
96914227
92824288
97154593
96804800
93403184
94117522
97007135
93542213
94333841
97250433
93308962
94419642
101094502
93631479
94326838
100468662
93799610
95322292
100749102
94366938
94670349
93740702
93191711
93702338
93513843
100806874
93371043
93233350
96992308
100578088
93829085
94026973
93547377
93308364
97997014
92926516
93409023
93626624
92804505
100867198
92566428
97945564
93063034
93622996
103438661
93323628
93208490
93209682
92789093
98466598
102533504
93424549
93297387
93460098
92784453
93293069
93735996
98080901
93416619
93584094
92763043
93090951
93949360
93387374
99905787
93216053
92486055
93121188
94006237
93599695
93619414
93476116
100455524
93532744
93777608
93050888
92310532
93156969
97571751
96865656
96964078
94123453
94196716
93360742
93693728
93561088
94071507
93018044
93238100
93155242
92966147
93281553
93996271
93070057
92238683
94016095
92902424
93724198
94032224
93714000
93159957
92856280
92715027
93553037
93252341
93206992
93441031
96688315
92520734
93242207
93688398
93251351
93666572
93592855
98177467
93319257
93978558
93693106
93357194
93827329
93340318
97007421
94160506
93837452
93020419
94071238
93865458
93366687
93710473
93630316
93283070
93586136
93154989
93982222
97449315
93964557
93605699
93732428
92788870
93861301
102072033
93727375
93637613
93531540
93105212
93435248
93623866
93190608
93274161
93581653
93195894
97669224
93791546
96459034
94121830
97304639
93675716
93262442
94480468
96761342
94273459
93491320
93785738
93394652
93650806
95958002
92819967
93083885
93001745
93023398
93424343
92772385
98862930
94009312
93482887
93125579
97229142
93145177
93378947
93527325
97021428
94200199
100383980
92879482
92935684
93247822
93249846
93500752
93642186
96577484
93306778
93025092
93529096
100884562
93659394
93409865
92987831
93854649
97475978
92937898
97436182
93130888
92796402
94369850
93050544
92828817
92900615
93295543
93971683
95893253
93712488
96706253
93428798
93449523
97214248
93717819
93194498
92992666
93707197
97611914
93488323
93716729
96523040
93570307
97819847
93656050
94025535
93111469
92873053
96644848
93669162
93416504
93348461
96579631
95957551
93700079
93595747
93715643
92831465
93141113
92946967
93141196
93141768
97404364
92522842
93741504
93350823
93449505
97795631
92963196
93572328
93977475
93732813
96686358
93168101
93666926
93014765
98311902
94020620
94340190
94116751
97558974
94467444
94248205
93435474
94153326
98480856
94432532
94228775
94342871
98014419
94088501
94797196
94164864
93350944
96846179
94024138
94921440
93970124
96770267
93816081
94532749
98800252
98783607
98105819
94191629
93741507
96894478
93743897
93797479
94597019
93930191
93834864
94040512
93693646
93247091
94026013
94973769
94850781
94043448
93378890
93909060
94300785
93340196
93095157
94292126
94163467
96869731
94133780
93917882
93091787
97173376
94323085
94418038
94280110
100298982
94817238
94717677
94396014
97021851
94296820
94706900
93564643
96840905
94241736
94437240
98692784
93792863
93192514