Kafka 3, zookeper 3, Datasize = 4MB , consumer threads = 3,  num of messages = 1000, partitions = 3 , replicas = 2, values in nanosecs, third test round after start server.
275398883
146788847
147108241
145816885
143364176
142902835
155074870
149426577
150568052
144888172
141273783
139481826
143937298
143184623
138355481
142910774
140679428
140218592
147450945
138719480
144613317
142216907
143700231
138438549
143836311
140854408
139130848
146512074
139821120
139544055
144235970
144924844
143588835
153761209
139065314
138750348
144572689
139960396
140432483
143993387
145963863
137935053
144645234
139583017
139350561
142001761
145850093
138646057
144345575
144023654
137135898
145887295
139219085
139207497
156459286
138890390
139040746
143560695
158255698
137748392
143455102
139338492
142123152
145590731
139560297
139978330
146086172
144036928
136439801
143034683
139060973
147084678
140289585
142627963
138916637
144516920
145527524
137281575
143401854
139467122
138816174
143340189
144472499
137605470
143692470
143310919
137488077
143278800
139038033
139245049
147764737
138866950
138884294
140827634
151542392
137435958
143989312
138987380
140809958
143736513
138618795
138382933
144215580
143556949
139428738
151672803
138607859
138663553
147050226
138882105
139175370
143957599
142942164
137136864
143202785
138734695
138701063
144401643
139037380
139264407
143675533
143434702
141202406
143024193
139665800
138969037
141848891
143706085
142282541
143610346
144476724
137161589
143373783
138177242
138105866
144689666
137933708
137929856
145049637
147181785
137132897
145775108
138931076
138515532
145278425
139413693
138992011
139604963
145103704
139116664
143017975
140572144
140105521
145351622
138244136
139257544
146134466
138729037
137497276
145089682
137943565
137549030
143588541
139026570
139154700
143625499
139062057
139102397
143140479
139139920
140252297
146602644
138652605
138689352
143229995
139570649
139634860
142891595
143052380
139921312
146779380
139074814
139325444
144101724
140382301
137444867
143337720
141851147
143669274
152270777
138770551
138701883
147215037
138531824
138389627
146090664
143451805
140340323
145317612
139529836
137372459
144872888
137955907
137293658
143445395
138491677
138619822
155362081
139372431
138445299
142559278
138898890
139132281
144893481
139591388
140171233
146227957
138857778
138174947
144643586
141194782
138767923
145108569
143720737
145039447
144036517
139079019
139707929
146615660
138514769
138020617
144932989
142820182
145133710
143583093
138403772
137094149
143901561
139369196
138999257
142429990
142364688
138434618
143194679
140419131
138313735
145129130
139480422
138777950
141925460
141678854
140125299
146835739
138718956
139844340
150435171
139669747
137323657
146360845
138288054
139174364
144696288
139652941
142262263
146593124
144549578
147516759
143820967
139611705
139262294
144542767
139500730
139532852
138427798
143744010
140491354
143493944
138497497
139103421
144664869
143579166
143973025
145126448
139342816
138941564
144182758
138581920
138138763
142296245
140764884
138237550
145594607
138630028
138500387
142948416
141495731
144313859
144685620
139155263
139117533
145868928
139064643
197911788
166469719
138848598
137299946
144682636
136705734
136419402
139665363
142205777
137511996
143577847
139377091
138585348
146029820
138980299
142747896
145293188
140161127
138620508
143777782
139383573
145272549
154053714
139079338
138794658
146621719
139368511
142517406
140586037
144644234
139407996
143024723
141652871
140326761
165089393
139832996
142521375
144182774
145647830
137941750
142125513
324031220
620538334
201900714
331960522
905693486
646166519
194123311
349598707
167039547
136007609
135813448
144077248
138114313
139077874
147553373
138793495
138926278
145435046
139420635
138501219
141604379
139887421
138483542
143971815
139343609
139587711
141604324
142347686
139594606
147670025
139396197
139865038
142693590
141805332
137470690
143373302
139883968
139554233
142551767
139863897
137331636
144324435
137333376
136538562
142201981
138775286
138454434
151062358
139708394
140478465
149231060
138320053
138083662
145680182
143193344
139049488
147268750
138995601
138426935
143829527
139307502
140024548
144088502
139516162
140069786
175856567
139590716
142808510
145492795
141383850
138779761
143578715
142662295
138117691
143701371
140722093
139244142
143101281
141333345
139141911
145313875
138888093
139139779
146808549
140829668
140690864
145190338
143090279
144487137
145294673
139034913
139092845
140172249
141596225
137706064
143497129
139322534
140214134
146942961
140292348
138450537
145892544
141443435
143746731
146332871
139100187
138983805
141712578
142563506
139608317
144254443
138808995
139730617
172119301
138339708
138470436
143933081
142487943
138115351
144197699
140279462
162047824
149801727
138759171
139817890
144360699
140322905
139117488
144658172
138750196
138426704
144605244
143912478
139931406
142566458
142276383
138680078
146179351
138873108
138175577
151009452
138286257
138881547
139455848
145726628
139934989
143156150
140209952
139164093
147763018
138902830
138857383
141406795
143843966
138671763
143578855
141897409
143290134
143912473
139102602
140111468
151094080
138650766
137997599
146273069
138268424
138097817
144921312
139238007
139784403
144626905
139082315
138698834
143504820
138637330
139045297
143351565
140427686
138681668
144090675
139440118
148342204
145370708
136845909
136445143
143805943
137107516
141241669
141287272
142306680
137372330
143144985
141296308
142291544
143913499
139073226
139044754
147720299
143667954
138794865
141672818
141610421
138637599
143788244
141585109
139282364
144066873
139916176
143648376
147471817
138787736
139250323
145435332
140082241
140488162
148448198
139494515
139256610
140753746
141091871
138358896
140332999
145081472
138288620
145066845
138744827
137671839
143610149
139351054
142125772
143339467
139601302
143476724
147521286
138450564
137858762
144581575
138843107
138364296
146874664
137782034
138028166
147311383
138134069
140005487
152643033
138282058
138537469
147586642
137920175
137044220
141353241
141862524
139172491
138798238
148898530
139429650
140703497
143386522
137336239
144047224
138922254
138159681
144384258
139060507
141454856
153209500
143671287
144941846
148021798
142132714
145696238
143424953
145344933
139460301
147724159
1091914380
171146544
896616342
556117596
238044668
175662834
138234881
175363042
250994412
170286957
148254942
145131014
139366217
150892705
137512789
148442689
138303460
144621173
143158766
137197680
141783252
138474718
139157566
153039270
137574906
143882572
160445469
139344460
144072845
144022290
138338728
138654109
144384012
149572448
137846727
144205811
138581708
139022181
160217216
141005189
143367238
144577390
139697867
144220138
144445092
137932549
140986684
149160549
147608190
137337374
143428216
139492318
138689228
145355494
138332622
143679582
148030030
143733264
235805372
178304148
139096346
137222831
153985529
137745506
140009691
144239256
138771886
139256035
143826393
139815929
140311315
159764928
138156602
137665684
144316532
141119158
144595893
142799752
143754002
146365851
142742920
140079293
138400831
144002921
139191471
139006129
154048187
137820142
138816935
147003679
138557966
138252054
145005160
139179020
143462083
143977593
137904019
138907129
142873781
140104264
139023361
147794888
139284142
144070227
143495104
137558743
142037969
142755497
141612400
137807739
144659050
138818654
147669888
143088546
137793678
137188528
144541201
139055169
137946338
144271497
140925008
148227562
142035574
144884870
140308566
144175810
141005767
141259369
150937736
140835334
144860879
141862879
139093717
140052002
141326523
140626601
139692689
143342645
141101457
144969390
137253061
145002424
140737271
143771304
140748256
139173103
140876945
145799542
144276831
143024307
139668003
140570076
143845042
140891768
139518980
144670449
140500069
144354198
141349407
139700163
140929641
143699837
139916925
139291152
143363609
141023417
147955683
141298661
139464687
140638394
145292656
140409623
142666950
149872124
140937989
145325901
141384818
139593918
140159703
145627755
143870105
138043464
142200712
144620261
143164841
141830786
139059795
140451733
140790459
145264657
137200573
151637356
139286783
144584785
137570907
138875011
140323400
144822478
141500935
142231805
150792808
140369743
144582411
142809425
140433121
143637107
143224802
140617398
139405006
143693808
140937667
146015276
140029638
139760089
140137802
140724409
146290212
137924568
142136068
141044664
146769711
146806307
139015885
139623090
145483779
140598623
141824032
142965656
140189833
144967120
136927779
145481198
140779357
143868366
141992077
141591839
146017349
139979310
144420188
149345603
139666641
141806576
143389391
140328128
138436322
141375596
141218315
148986669
141850987
141426814
144332876
144126904
139834207
137941404
137878243
143023827
144441871
137392739
144009232
140638545
144730371
140647279
138127341
140865167
146282509
145585128
141942175
140097571
143480239
142510026
141028531
139077230
140073202
145944339
145181581
141276616
141435718
143704700
142321054
140520348
138809348
145206444
142952416
143918410
141139592
144528676
146830170
253265384
170457182
143869410
148727399
139832373
144530917
138964173
142757484
151171436
146128608
199864582
148472266
147602137
140429732
144078595
141425771
139672842
140821358
144454834
140507799
141826534
142858316
141004605
145219504
142122966
140104922
144043546
141880272
139526382
178687438
143312254
140427573
145177549
141017073
140902842
143530695
143198501
146195723
140802695
148026873
140587861
144697985
138509987
144690013
140119077
145177975
140115392
142195652
143502566
139888272
145236374
141285799
140254452
145524956
149030879
139530717
139614019
141891850
144338975
144836821
138403437
143383838
139553967
145218023
141673913
143298576
144606470
144247961
150173797
140503201
140308621
140619474
144116417
140426552
137211441
147940587
140611476
145080640
148098724
140185927
140532493
142147324
140742218
139892368
139063442
146606253
144953240
141614953
148330044
140488270
144346426
142413019
143812919
140483101