Kafka 3, zookeper 3, Datasize = 4MB , consumer threads = 3,  num of messages = 1000, partitions = 3 , replicas = 2, values in nanosecs, first test round after start server.
283458694
151831267
149566187
145042471
146364848
145364335
146476173
159261152
155593569
144712679
149896569
140452949
139953584
147060618
140226474
139564543
147115962
142527988
141794302
149865160
144111634
141031273
144674380
141177986
142007711
146231678
140699939
139928422
144756839
139593676
140607834
147247540
147300576
155931932
147969903
141307042
141748450
146040250
140137756
141245296
146023194
141549511
140367333
145009158
140668104
144944479
153446264
138885785
139348499
145562186
139909445
140203829
143705035
139375031
142649463
145145954
139794272
144358235
158908628
138146005
140376187
146095902
139384073
140599446
142907217
144676032
141652538
147655687
139953534
141431779
146941829
148201430
139388936
146288397
139730460
139606744
154418927
138758407
138914090
144078516
139478914
140271928
141408803
139385331
140962702
146203860
140944018
141088764
144424208
140947186
140244347
145119717
141193881
145516794
151910144
141576767
141150680
144889223
140353934
145829438
145369892
139878978
140578854
144283188
141784285
145374258
144173272
139519102
140424791
144052105
138999412
137869145
145264453
138580088
138994006
144976976
139134411
140070718
145451330
139712105
140086115
144549658
139712421
139822352
147561399
140834187
147458379
162642014
139946647
140333440
144063684
139635931
139493756
152059074
139860052
141322872
146028630
139560676
146864124
144381519
138862172
139181483
144402204
138673750
144115570
143387735
140435735
142681674
151452164
137826589
139022235
146167588
139250255
138968965
146525448
139496457
139485984
144572943
138573100
139160499
145546663
137586118
137152976
145796536
137976699
139231261
162916538
141871660
137113082
145124696
138704975
139710479
143593894
139227985
139807528
144589300
140133153
144732788
155698421
139721175
139971693
145877021
139281606
139815134
145998473
138713801
139239576
148939160
146258537
141475873
144912456
141368297
139999404
143166291
140339621
139243633
145346645
140666392
137370671
140276346
142244061
139371576
144636263
138732803
139635130
144560631
138686464
140158544
144308084
140657896
141031592
153919103
139908985
141086139
145277827
146281623
138323339
145617846
139095873
140226196
144221804
141259422
141392778
153110504
141666519
138970648
143993371
140900576
140599027
143324120
140806230
141321001
144505547
143880918
145538495
147688416
139568891
139169562
144309843
139509787
141473532
153091227
139023549
139083679
144569327
138751280
140694448
145231514
139180629
140366392
146635520
145291759
137981130
142717239
140168929
141971373
147152259
139479194
142105607
145294330
139474963
139858757
145102557
139020860
140174285
143860392
146008263
139187760
145625763
139065362
139413105
144693292
138878078
139780575
146055261
139615046
139802316
145354883
139778437
139045257
147145841
145360727
139009125
145360014
139029802
138730442
143863333
139445834
139681940
145406672
140481646
140304572
144598416
138125629
138673461
145119936
143395225
138728755
141995384
139895136
143454666
141486283
141400849
141486006
143699353
138333782
139801358
144770882
139449778
140066270
152494465
138666656
138641959
144374959
139510885
140012212
229448895
144891071
139370482
145502721
138578501
139683746
145414029
145110362
148344130
143720241
141172632
139931222
144458521
138817325
145566290
154860783
138976266
139697686
151910971
138449474
139703333
144533318
143490452
140087556
144166445
140601443
140571876
144930875
139865328
139759121
152479018
138977581
139596576
145227104
141997253
143605367
145968608
140597238
140446910
144386912
138903053
142745055
144952061
138510630
139375043
148519646
137492124
139138156
145093007
138353829
138224921
144724694
144391712
138908070
147451754
139034570
140568222
143182047
139741683
140988274
147290761
138215481
139715086
143660912
140181877
142048758
147525440
138569029
138965502
144943943
137938563
139015060
142701913
138568380
140545240
146668621
143169570
144377904
144451320
138727617
139462922
144206984
139017878
144198244
140938323
156235100
139487399
143862467
139357422
139229666
146775919
138707030
139652690
144948773
142601049
139525516
144043072
139924986
163488114
151100045
138005901
139444607
145299487
139118361
139122750
147312463
139388966
139525881
145646983
139115583
147427567
143312044
139675738
139454310
146480802
142838029
140637792
143137179
140703339
159960427
150180752
138446497
139019106
144595487
140355398
143090818
145656676
139842028
140358497
141397106
142586296
139865660
144347210
137722490
140786945
145131290
138779923
141428679
142610070
146236533
137748451
142307408
136569098
138624964
149211892
139075240
140095568
144721636
141537363
144575730
144158206
142915132
139569870
141686024
139558757
140308818
144710283
141238072
144168744
144183006
138767919
139554986
149962392
139559531
138944147
155576981
138849175
146401929
146141691
140272372
140228450
150172187
138227690
138364571
144440111
139901556
142370188
145377798
138649486
139487309
150500877
138342323
139513769
145502458
144568291
148370494
146089887
137146182
142338723
144787223
139710248
139431894
143490023
139968257
139303037
142480075
139819931
139981361
144405134
138558103
139437269
145656571
138790713
141483337
143829081
139570878
141165819
145521029
140203808
138678961
145244809
138353599
140192036
144351948
138852235
139668746
151721436
139247148
140257691
152645090
141463635
139022668
144864462
138969182
143061857
144917692
140206630
139728404
148550791
142781932
138084011
149667534
139478175
139188408
139685031
143511893
138319679
145217933
138017275
142015585
145681152
137737809
141426745
143682153
139930203
138222556
148063579
138569389
139143776
149857365
137744913
139210473
140907138
143670823
139111070
142397572
142191520
140607430
141335761
143674683
139552533
144356877
138239369
139788512
145177928
139502866
244318477
185760903
139308875
143573887
144839691
138038128
142935868
145863535
138532173
145274050
145219979
139075001
143140643
145299987
138899188
147260940
147280421
138883633
140102118
144030638
224176027
157390469
143677304
138633843
140054694
147241843
144175465
138902841
145088323
139349028
149023107
144837090
138930000
143886923
145511624
144112581
141141525
207789781
139218384
141177113
144467550
141139426
139670217
148310871
143515026
139091469
146208284
138953436
139390732
151034865
139254887
139911395
141646265
143699743
141208937
145223492
139309966
141073984
150060290
137966691
137938212
144297576
138479175
139196973
144680102
139785472
139209730
148839329
138733493
139561562
141692303
143148780
139519257
144982297
138246972
139232000
146990739
137862612
137107975
142038911
142720094
139647218
148723286
138929078
142509053
146212751
143789265
137086228
151484133
137316274
137956742
144373261
138963534
139096769
145914471
138979047
140111473
145351493
140323474
141371891
150789959
140973439
140559907
144388984
141273801
140018080
143182335
140199865
141653711
143334400
141114218
142496724
153998261
140165071
141697271
139912745
144780844
140221119
144421762
144706890
150806966
145047394
140514922
143724258
149556256
140865390
141656865
142615486
142368465
141277794
140109451
144310628
140563118
144605151
141198439
147549994
145746730
141154786
141986689
144290026
140936760
142758558
146672999
140262808
141178168
141643284
139971217
140020963
141184833
145184699
139526122
141581496
144581550
139666360
149307975
142168907
147379692
144757957
142168165
143100358
142809744
139889367
141202360
147114655
140981177
141622139
158473149
140874321
140014447
147373947
140213445
140723633
142421621
140277781
140895354
142152492
144881740
140861135
139349886
146762021
141813450
140594056
148179747
140568790
144538624
140822799
141310621
145063390
145339609
143505339
145268865
143630336
145565896
145566072
140636191
146188763
142725090
142706943
165061613
149795954
144952475
141094768
143993213
139574400
140702556
140451129
140833321
142077570
144276624
140783358
146742456
145399664
239252433
162159997
147354753
140536185
141196616
144651627
140664944
149092372
142162467
144002153
142157733
156038278
140789869
181111148
485793669
175742282
150777627
143889693
140340665
140948098
153512495
141131580
146600857
141707472
141087834
145833612
145024930
141213496
141714359
148657616
140739846
141094741
140076220
144782435
139954265
143667245
140219043
143917427
144662693
140268603
142341482
141988699
140893895
144985638
145102435
141005783
141440072
144654250
141172673
140337346
144470303
140851943
141247156
143023958
140916702
140941190
143370771
141116181
140540563
143492224
141025787
141450049
143955848
140760862
141810018
147660746
139981090
141609567
142042280
143428755
140806502
143388208
143779634
146195704
144490622
144041485
141350279
145979615
139897574
140903813
142240983
139468568
141382404
141209818
144997034
141015565
144066358
142013819
145791675
152416305
141763392
146472081
144101952
141100876
141554007
148254512
139709066
141508586
149710784
140181755
141227210
142710796
140329455
141101303
141518525
144900184
140977998
140967574
146380597
143897310
144007952
139609476
140778738
144372507
140906327
144242336
144766100
141004525
145946165
144826501
140779715
145495091
143679399
140773716
141906102
147850477
139542953
140456976
145963170
139888628
141322209
150927513
141275606
141883248
150326624
141319350
142132204
154248964
140772940
141395760
142209718
143264349
141455881
149431106
140249260
141168812
144503665
141017668
144397159
144739410
140323046
140470887
153532502
141436305
140611654
145532824
146653048
141711953
144575394
140786489
149520551
145090547
140577755
141995354
149746209
139666628
140773782
144377878
142323734
153004210
142701666
141164103
141540199
142402128
142579241
138332037
143785370
145800928
140709956
140846314
153522232
141378876
146640956
140036763
140356637
138433443
143767216
139715914
144684540
141299326
141667024
145875853
143432970
148447778
144169400
140269730
141384065
140699539
138297562
143101516
143959143
139877530
140824525
142561380
141012056
140613517