Kafka 3, zookeper 3, Datasize = 4MB , consumer threads = 3,  num of messages = 1000, partitions = 3 , replicas = 2, values in nanosecs, second test round after start server.
267759039
146655925
147478761
143946610
143160267
144318459
152160315
162973907
169511595
142199282
142504198
139321132
139653181
139598016
141595779
139596135
139477594
142148568
141368080
140409427
140063950
151820331
139621617
139835929
139638565
139984035
140003402
140846840
140434885
139615280
139624169
140539145
139649756
140333266
142371277
147928413
149021418
148438922
148412000
148365966
148000431
145375826
146345554
146355672
147846850
154431641
153308567
140369936
140374436
141071439
140755059
140195099
139233323
139222725
139642371
139627784
144933417
139318959
139374518
138367482
138486578
143004741
138986699
141141781
138516360
139981430
139635087
139201440
139642616
141326975
143762455
146492958
138789049
143109108
139227046
139909391
139732244
138953159
140542315
140191450
139834055
139441972
137230193
137809570
138286285
137594339
137726153
139357966
140108174
139978077
145047837
137661052
138313864
138594631
139524458
144907430
146823165
138973655
138846929
138927389
138495310
139357377
139116086
138765057
138863331
140855350
139078490
139270090
140557927
139718882
139934282
139541448
139723964
140417307
141007708
138855630
138886289
139912916
139614642
145576133
149213292
138647668
138696004
142781414
139551376
139706745
139527792
139170686
141825497
138876478
138997044
139597525
139849993
139342035
139723791
141395371
140580665
138886306
143523177
142353298
137936734
139609159
139197804
144683565
137270626
137174939
137445615
136801571
137381047
137877176
138900219
138905514
140089046
139103912
139043357
140387549
138830234
139978587
137348211
139090079
138216318
143255843
137245648
137092426
137216527
138294622
138222556
138700776
139252622
140447237
139261955
139402151
138288641
138812503
138530560
139884945
138889784
140559588
140353394
138893119
139991603
140638144
140443027
140737795
138642161
137745999
139232736
139544680
144074028
149153768
139049502
139444514
139952479
140505443
144002284
140712351
136741090
137116937
136604400
136757633
136969020
137202392
136710072
137538092
137733773
136819604
137275750
143099112
137297172
140608742
143731328
139331568
140792710
140522968
139382941
138670417
138304691
138643962
137711512
138148864
139145258
142272383
139797352
139933814
138953213
140231856
138044949
143514166
136013906
138368656
140231810
143331211
137125086
137469209
137288253
137550054
137712255
137940429
137759323
136596890
136617507
140473347
139360726
140376599
140646730
142005726
139770853
139229844
144777276
137556426
138220851
143280378
139341321
140018226
141552009
140957343
139739965
142603309
138059476
138288034
138350014
139518110
143019485
138813223
140227631
141374596
139985918
139759125
138750012
138839784
139529243
142945477
139278063
140775296
144623090
138864374
140182060
138352793
138571652
139960328
136876512
138398548
140495055
138917736
140821542
140735962
140221564
139558698
139890776
140524769
142177536
137649409
139035811
139071570
139360406
140911208
140062795
140449272
139182869
139223032
138550417
138618651
138684456
140518022
141158267
140316141
141513902
138355561
143776037
140717681
139441484
146860897
139373695
140714911
139864265
329537471
138458941
138637627
143769316
137055596
137444169
137997309
138363109
137888719
142024159
139444031
143245335
139126731
139884579
142753228
137153800
163346877
138379578
138468374
140033425
138234079
138381091
145590583
137101385
138022588
144854015
139393039
139101178
137906145
146634950
140920291
140850970
140070293
139292900
138729913
140254276
140789033
139505003
138768800
140157160
140034766
138472895
139065213
139260572
139817966
140644606
142657581
139913745
141024537
138585584
139083460
138529452
138744342
138981613
141006839
138446348
140703830
140216607
138393625
139161115
139296900
138663889
142234774
138252378
139331481
138979025
138931074
138657007
139184754
138816600
139242510
139090626
140229051
138436970
138073788
142784125
137324874
140049681
142339127
138902323
152026900
140383683
138772783
139247173
140049086
138789845
139651526
138845519
138773162
140077321
140076883
140001142
139738191
188357451
153950907
137497289
138979094
140569773
140019250
140400007
140403073
140438238
141189809
138831619
138506525
138743118
139279405
139083968
146528951
139768116
140278744
144920251
137891822
137960092
138513366
139301980
139254606
139362782
140323266
140075214
139535409
137509786
141089955
145717900
138715518
137353388
139154397
138748754
142553645
137859821
137719022
138872565
140768492
139000288
138637222
139952549
139012500
138812405
137034302
137871658
138445116
139278130
138669098
161510850
140564545
138552744
138488332
138634054
147419543
139286927
139863120
145590401
138782754
140140348
138720280
140297135
140590662
139330755
139928048
139370605
143278869
139504752
137073634
137662179
144839000
146693589
137654201
139149812
140237441
138770534
138319928
138153948
139890511
140723621
140666418
138302187
140175826
144040167
145067324
138696167
139594943
139294254
139808144
139799917
139570172
139969110
138641865
138686101
139825066
140283210
140084700
142475940
140184477
140818558
138938107
139003889
138988122
139531686
140069976
137552127
137864812
138994797
136249896
137052321
136999713
138399041
138250906
138589324
143166759
137053551
141783632
139042162
139307925
140887424
138773905
143793484
144020446
138846319
140297678
139151141
140313227
139462893
140481894
140123229
139734926
138643866
143491122
138782923
141977866
138551719
139294184
140188200
139268791
140542117
140282075
140653216
139093480
140935226
144041521
139769711
138460362
138718241
139567004
151793761
139220080
139163290
139421761
149791308
141596918
139344147
139579966
144331305
140251778
143978246
137665897
138286693
138790809
190919051
139749244
243001303
161569189
143065934
140468984
138164710
139189637
139353169
139206557
141410829
139744411
138416546
139103306
138689614
140894909
142704441
139029008
140225887
142168687
138923463
138595841
140865372
138713525
142305567
141395956
142038596
140202506
141018756
141669598
141084717
140843492
140929609
139371743
138446947
138770154
139226877
144690791
139903972
140277810
137257038
137567019
137585082
139540009
139088897
138705336
139431811
140674417
138931998
140779638
139970745
139958033
140577897
138265508
138381783
138881143
138758421
140195244
140792699
140634287
139623299
139241232
140757609
140351474
139884691
139082444
151664407
137657434
138641337
137996979
138469770
139903347
140228497
139201555
138561168
141133731
141952828
139621105
139221151
138389106
139867841
138256672
138987234
139434188
141774036
145200744
142763114
139896361
138066437
139585131
139148516
139534010
141520567
139743316
141932079
138064328
139333539
140494320
138574351
142945729
137526003
137608638
139126783
142421513
143525365
140032557
138746364
138771751
139774159
139600630
139447406
140743369
145388652
137406664
138725016
139203975
140405050
140194383
140460814
137995009
142316620
140178192
140659926
140729361
139597075
143088859
137098208
139793008
143706021
139207339
139537373
136996754
137601073
138081988
138578753
138838055
140639045
140413625
143535931
137342001
138115329
138494872
140472999
140348868
139742570
139676073
138829804
138767810
139525366
138220038
139380536
140444853
138517004
138800196
143549536
140616164
139932812
140209783
137555023
140546515
143102841
138353847
139506157
139731862
136787964
138007702
138033426
138741024
147885742
140641691
142956070
138106174
139170943
139649071
139844871
142376777
137852638
139132334
139638256
139535728
139763282
140342330
138631358
141782698
139821875
139238187
139972668
140009935
139076674
139617710
143080684
140426875
140205037
140555168
138793589
138928553
141971653
145649309
140045241
140639998
138409744
139521807
140236946
139863939
147074143
139247418
138615613
139730444
138857009
140019955
139856897
140931993
138756690
140591907
138307745
139179140
139893828
138691762
138644430
138779704
143233928
139534632
139678607
139072267
143377313
140886999
138982139
139067901
138675851
138873063
137609370
140379175
137247956
137711679
136834342
136829185
136873812
143823712
142504488
137405871
139152333
140056579
139025288
138719878
139745642
138161760
139034337
139039690
138711412
140926536
142712872
139895442
145375665
136991528
137386237
139723956
143815812
139721291
140455597
139145143
138606374
141229483
144200117
139127175
139880660
137975104
139222602
142787717
146526115
142086208
136180116
138238554
138290418
139422701
142019138
140442823
138386136
138859725
137588975
138544055
139230600
138670186
138787888
139235791
139118495
146458870
142189266
137127077
141153295
138323389
139109969
142056385
139637734
142685934
138529951
139409389
143609603
141663213
138319146
138922926
140025118
145023510
138858511
242094942
633271778
362032346
617962506
199760287
333270944
149600925
136661503
139150551
140540014
139769138
139318120
138611669
140230551
142285728
141019525
140083300
138602712
138378638
140648553
139071623
143342300
136937167
138511885
141486139
139883747
140604753
139775976
138407727
138775012
139035810
139446941
139281697
141520501
140044331
138406654
139138447
145009037
146104770
137026812
138013298
138693357
141626202
144709567
138424911
140307985
139317910
140532785
140139556
138801014
139840528
142858429
149610635
138311122
139350906
140465380
139810532
143722409
138918616
138846662
137945834
144035062
138886654
139123924
140338046
143659053
140043770
140298245
142772162
139119657
141676237
138677640
139028810
137870838
139545623
136527909
137051377
136837273
141730693
138008051
138914415
140001638
142512234
137578529
138502891
138478327
139230951
138785601
138453977
138879921
138989485
139747280
138584675
138164980
138975206
139597032
139669913
139169037
137521302
136885714
138842994
138487138
138587290
137617280
138125943
138734870
142544243
138186401
137567730
140197674
142668908
137203149
137770583
137434010
142645826
139098880
143310460
137009433
144621521
138228282
138546617
140683138
141804874
142181332
139914177