Kafka 3, zookeper 3, Datasize = 2MB , consumer threads = 3,  num of messages = 1000, partitions = 3 , replicas = 2, values in nanosecs, second test round after start server.
213412070
75436489
75783218
73655111
74839881
74088399
74933124
74888726
75073814
75139253
72697758
74185244
74811174
74469057
75524925
74862021
74862202
74246667
75071319
73356242
73962372
74451542
73792857
70603527
70582311
70837480
71163368
70295000
70613381
70022692
71035678
70304999
71040914
70706472
71028764
70618904
70451850
70237963
70625008
70358908
70371930
70839677
70352464
80612331
70746494
70502669
70729036
70574173
70828432
70663965
70161273
70369153
70040804
70489218
69176997
70464758
70278132
70581748
70049599
70546004
69896755
70129522
70502646
70396193
69652357
70416541
70340950
69862657
82832287
70273305
70267933
70961693
70142114
69853054
69466504
69814633
70372315
70131323
70166283
70652852
69928711
70202351
69824815
69701508
69982522
70621091
69859193
70093127
69558288
70430985
69916774
69567075
70106909
78172161
70315499
70626731
70485167
70517176
68846593
70023305
69509755
69934246
70210164
69694432
69859130
69892737
69716320
70210178
69993642
69841213
70194322
70174153
70050262
70494546
70294198
70178930
70326264
69987070
80348307
70525210
70340102
70482077
69836216
75690114
69077616
69590847
69980395
71392254
70316077
73699260
70137136
69771743
69716284
70169496
69903967
69898268
70038242
69941001
69811732
69609649
73007225
69903817
69576280
69546313
70597936
70560492
70402011
70086591
70057507
70313696
70107483
69760868
70596630
70387293
70350359
69622334
70002235
70184852
70429235
70041238
69697145
69951923
69647481
69716252
70201023
70343344
70028338
77255879
69790550
70364941
70537312
70346214
69799118
70237233
69507390
70140341
70049147
69917915
70144695
70211807
69786549
70399167
72034685
69030941
69895382
70046659
69777902
69968104
70031967
70452317
76611410
70821764
70138596
70276351
69966868
70160571
70333954
70189403
70484424
69812216
70406391
70272129
75855071
70508230
70128231
69714713
70291902
70168808
69744801
70314551
69908148
70019779
70494519
70292864
69374157
70542641
70007867
70190408
70530814
70055540
69881073
70097785
69925008
70113212
69314819
69319343
69793125
68977054
71200165
70039818
69878315
70065181
69629099
69940410
70115746
70137572
75267119
70433719
69998111
70585588
70342913
70286736
70342646
69845559
69918151
70206968
69699887
70477725
70137056
69757053
70226141
70109225
69464168
70319495
71179291
70916477
70059706
70260158
77968328
70124980
70230593
70056396
69946383
76091783
70082457
69938659
70025921
69980645
69879728
69978966
69836624
70089583
70012619
69700793
70288115
70021613
70450260
70806629
70430888
76342506
70496456
70676196
70155536
69739817
70325063
69800461
70083256
70205205
69956620
70300995
70322896
69607619
70177178
70408211
70120718
69963472
162072795
71009939
70614710
70097715
78704227
69887122
70296278
69567339
68646799
69220054
70254906
70010109
69968656
69115349
69422481
70227850
69642221
70635362
70106963
69660841
70184182
70505253
70089162
69555520
71203562
70243360
70338133
70398814
70470797
70062697
70114000
69633744
70142898
70140430
70434180
70080942
70137352
69992088
69057803
68878390
68520660
74561906
68359782
68053097
68664372
68654108
68582212
68638883
69920842
69984459
70408855
69735448
69600708
70275653
70220648
70699159
70082495
69744442
69768543
69919039
69738809
69784154
69362045
69526751
73825288
69880527
70270492
70154618
69535085
70493798
70443712
69565080
70252435
70319723
69717713
70100110
69871894
69473679
69724015
69601960
69949532
69852523
69587465
70006413
70011716
69086815
70555369
70415589
70390492
70389158
70023528
69841201
69722581
69930202
69763945
70130302
69675864
74878259
69677742
69984163
75062622
69695776
74942032
70399921
70062855
70267033
69934622
70143630
70010363
69534116
70129984
69572183
69377696
70290997
69834896
70077148
70029820
69580472
69661332
69443256
69847366
72405076
73571814
69840639
69436522
69918602
70238493
70178136
69924652
69697319
69983412
69953124
69485588
69943622
69778819
69511392
69715420
69724465
70164360
72179036
70009037
70334944
70109186
70251704
70242585
69895526
69586932
70111856
69230367
69795939
69381814
70214895
70000990
69747215
70023234
69676371
70043922
69682301
70196044
69229579
69771259
70223229
70178495
69668096
70119458
69918517
69507129
69640000
70116590
69740283
69275389
70188692
69644304
69412563
74699864
70521641
75945073
70127096
69654587
70003450
69862462
69998181
69934240
69959557
69165880
69790148
69697537
69738090
69794312
69832848
69885858
73480885
70208135
69883214
69519155
69121927
69748897
69506213
70355599
69910698
69455916
70591388
69690985
69972992
70139668
69577881
69881842
69797051
71086727
70655886
70543839
70371545
70382205
70717822
70941137
70639412
71220006
70853994
70633933
71197004
70492668
70701082
70645807
70701124
74793737
70590961
70340641
70444529
70298026
70443105
74025751
69555393
76555838
70418636
70650870
75862031
70607182
70634293
70953131
70606306
74161322
69954564
69977396
69501567
69921025
70024836
70070775
69645320
69311371
69001512
69645767
69122663
69629668
69942324
69676829
69939163
73172622
69847518
70135388
69359254
70126190
69706685
76052092
69317162
69959024
73912599
74929840
72879433
70203704
70052891
70010145
74146885
69733272
70048513
70211815
69953798
69980421
70474539
69575263
70267681
70062877
70135190
70098155
172252044
419141717
118181865
72612735
69864634
69946456
69536518
69992534
70369914
69934172
69292113
69827238
70001666
69508887
69772910
69550134
69586894
69025748
73897308
69645107
69537323
69746901
69430284
69888284
69928303
69829346
70084547
69392960
75092339
69533155
69523506
69478661
70141940
74276439
70046807
69754262
69935346
69803277
70111478
70399074
69631638
69809102
69795506
69670679
69890953
69386942
69697788
73800715
69759288
70064308
77706693
68682332
69627844
70265673
69596738
69443125
69843464
69267555
70006465
68895284
68973374
68902111
68839736
70255636
70079886
69514237
70002977
69358521
69833714
69137810
69031310
69792863
69658719
69624161
69558909
73180647
69707287
70226480
69945190
69671045
70390213
69749796
69199386
69758805
74071377
68878674
70256552
75442239
69838818
73973610
70171428
69831093
69742869
69236826
70205012
70162631
69970581
69941456
69902115
69274815
69508209
69983234
72309725
69911952
70268141
69469692
69507419
70214047
69838411
69345336
69500815
69644743
69686531
69472984
69894696
69610133
75372288
69846679
69771164
69745978
69946214
69725335
70136084
69537307
70002965
69818792
69736054
70182338
69835000
72179836
70124846
70018766
69838146
69295039
68616952
67887394
68024209
68124812
67749718
68171953
68035429
68115097
67733916
68846786
68730518
69193509
69815909
70040769
72794999
70012028
69691906
69355778
69747124
70372733
74346244
70124742
69646551
70218703
70164442
69920495
70292964
69950101
69789452
76243093
69633768
69955818
73241660
69896427
69869140
70090784
70616742
69898667
69779180
69699436
69817022
69759926
69783065
69417854
70228212
69529281
69108656
69924790
69920985
69743625
69864014
69745672
69660666
69795871
70147182
69485814
69586926
69660972
70135034
70130379
69724651
69949330
70014694
69604398
69856516
70157556
69748117
69754781
73533526
70272329
69971562
69558527
69226315
70468140
70257738
69318462
68585520
68596444
69651668
69745722
75086890
70357814
69584378
70210815
70299617
79435837
69689786
69834380
85252382
69575227
69691906
72049304
69455895
70183335
69976376
70056024
70015429
70120468
69612010
70128713
69386314
69929505
69583302
71672751
69837253
70121523
69285214
72218297
69791447
69650893
69655825
69582379
69827307
69859121
73383169
69785096
70341305
70139134
69656708
69855640
69800613
69311261
69378122
69643647
70229343
73710045
70289302
70001815
133433795
70253970
70259787
69418305
69901969
69618405
69400655
70261595
73787234
73098691
69832041
69666523
70158231
69724332
69466683
70267529
70775021
69985623
73744785
70060297
104377600
69956661
70017107
70383376
69935109
70043237
69189772
69942418
70218338
74197925
70481975
70179772
69823443
69876307
69739877
70149469
89375783
69382298
102239995
72127715
69754487
69489732
69611476
70119113
69598375
70262237
69954225
69973534
69574545
70228624
69865776
70054920
70509256
69724451
69833231
69967901
69514791
69907935
69412274
69598697
69891946
70233743
69897894
69529079
70279806
70071738
69780369
69903472
68832713
70002229
69854707
70285206
70391863
70269182
69655067
70043231
70083924
68715157
70044749
73144138
69636329
69869370
70309438
69731261
69541806
70034196
69750194
69878482
69630961
75144989
70279901
69779218
77161689
69845865
69898066
74930764
69627048
68928713
70070516
69447202
69772047
70139268
69244703
69847342
68892693
69901886
69930662
69990637
73933107
70005393
69737698
70075115
69832867
69823467
69490321
69896267
68904070
73253565
69797254
68376952
69439644
69374827
69828704
69292903
69453107
68289267
72611515
70064691
69938523
69986125
69838350
69810823
69400458
69887030
69736540
69480582
69334565
69912277
70009702
69863290
70099681
70345647
69686903
69478942
69605769
69773734
69929097
70249981
69449721
69790778
69521695
69214000
68289767
71599342
69431025
70166684
69852364
70354997
70160501