Kafka 3, zookeper 3, Datasize = 2MB , consumer threads = 3,  num of messages = 1000, partitions = 3 , replicas = 1, values in nanosecs, thrid test round after start server.
191864362
52917728
51628479
50296574
50732973
50502292
53006148
53725500
53647238
53114018
53636564
52645074
53401634
53104830
53592179
53615638
53365411
52529788
53293735
48849040
51186989
51172859
51470303
49845585
49744551
49642215
48906937
49589629
49243336
49156974
49522092
49536812
49076930
49705921
49041486
49101086
48822993
48621521
48082234
48767747
48860081
49214771
49438981
57067379
49165474
49219941
49681754
50153286
49784745
49072944
48384617
48343622
49120263
49022006
48258389
48595466
48874768
48745729
49170804
48912848
48452707
48472797
49158994
49169455
49000869
48916174
48751092
49129344
54331817
48431785
48805741
48526931
48850652
49099653
49043772
48552982
48680255
49120249
55189879
48923871
48102938
49001494
48456607
48885940
49405573
49232017
48834212
49074806
49049165
47831414
48931246
48929686
48497052
55740997
47934994
48310517
49200582
48742552
47897004
49530980
49032414
48785059
48528445
47814231
48505681
49130611
48537879
48366747
49120372
49023517
48492676
48707971
49209872
49090226
48474314
49149196
48712057
48941770
58111522
47934108
48909637
49007638
49034371
49498468
48949129
48871713
49626065
50212453
49189864
47929376
48281514
48963527
49093361
48606300
48813520
49083833
48644321
48859027
48640563
48392714
48463264
48647180
48958352
47232168
47607717
48525841
48718796
49008810
48977391
48621879
48445891
49110266
48910580
48366333
48772169
47894953
48814996
48766103
48890956
48979855
48929351
48313735
48929947
48790556
48750411
48982797
48622472
56429600
48141498
48881406
48852298
48932908
48798837
49109772
48926972
48479290
48903334
48806908
48506675
48611529
48899110
48308242
48971832
49044985
48306929
48886683
48069173
48388611
49011988
48653441
58222125
54392186
49111922
49436770
48959849
49100775
49432754
48662611
48944396
48312399
48788826
48897220
48629457
48612018
48405445
48279222
48526126
48814579
48503908
49059044
48375063
48897814
49195284
48821092
49044357
48971248
48736495
48817094
48688151
48481339
48950577
48983371
49098411
48257451
48142782
48689913
48191116
48236148
48420202
48747529
48006260
49001908
48575471
48263404
48323922
48806420
54256874
48956666
48890689
48946505
49101021
48511189
48744098
48583641
48527793
48377666
48897958
49015344
48486315
48872855
48719604
49373759
48422882
48924585
49700883
49702818
49125800
48652724
51378074
48645341
48788361
48713117
48635258
48866408
48983260
48413366
48399155
48636166
48584088
47825373
48285571
49141705
48450093
48331892
48415527
48234786
48889451
48565675
48221545
61370315
49189407
48966615
50090149
48474074
48618136
48817972
48882510
48674104
49065696
48766853
48755755
48830862
48638086
47986658
48001862
48374080
48565004
48426584
49032831
48581565
52724346
48689339
49065397
48907654
48891022
49129913
48507936
48736700
48175881
47987576
48934867
48028142
48622693
48815369
48224992
48057322
48808055
48535284
48681128
48536136
47699311
48551181
48956939
49078465
48884806
48098602
48865547
48385676
48591859
48425344
48403160
48772806
47369765
47022718
46694296
46971885
47134427
47084618
47326926
47838156
46919705
46903160
47231777
47419957
47864918
48843684
48941940
48795487
47756491
48883500
48342250
48180913
48521564
48081397
48150273
48366791
48188675
48173221
48764359
48796133
56178497
48082204
48738639
48738662
48481447
48768119
48583609
48424502
48011234
49190069
48606288
47103879
48129112
48315885
48115534
47793483
47934952
48668549
49132033
48423562
48519594
48230669
48848294
49790664
49125242
48741597
48028996
48692452
48685858
47962711
48491426
58471552
58857026
47257028
47729939
48671933
48695944
48291384
51624914
48677511
48833462
48506783
48767359
48813743
48747538
48591443
48556381
48488880
48345721
48097978
48288200
48588863
48668352
48041456
48749908
47621725
48677022
51621290
48608351
48728292
49045840
49013722
48517938
48705486
48848125
47981347
48517233
48594236
48044896
48578912
47779128
48078434
47895595
48858012
47992968
51611886
48920601
48669684
49071127
48937027
48703619
48710109
48401473
48039974
47925313
48443731
47770155
48739184
47940101
48450615
48802477
48837072
47962756
48040353
48658916
48648039
48725696
48929939
48866357
47941556
48415024
48766040
48242550
48574031
47860613
48640709
48381743
48351333
48747510
47818709
50781835
48618931
49127382
48756983
48681819
48636438
48842301
48560581
48610984
48018197
52523662
48426149
48504204
48710440
48434312
48625742
48924704
51686233
48827492
48384224
48764997
48687124
48748121
48792765
48481808
48775264
48414523
48119788
48222952
48762115
48296773
48022392
48252214
48843496
48052887
48623795
48822579
48634272
48784125
49225081
48960704
48845869
48162593
47917453
48809088
48054167
48418779
48138381
48210715
48109966
52703874
48704970
47791840
48415917
48570089
48680501
48849994
48658428
48583292
48380212
48453252
48756045
48216676
48331876
47801718
48706977
52476392
48387226
48873628
48842813
48793824
48914915
48571168
48899401
48332957
48398230
48160178
47994100
48630368
48552240
48841439
48601803
51655248
48131974
48586333
48766358
48670449
48739332
48539452
48103730
48030274
48200435
47967145
47764387
48302167
48310945
48946918
51960846
48003163
48551759
50414887
49065333
48498526
48519418
48668957
48265621
48284467
48754196
48158615
48751087
48790198
48379376
53062533
47797281
48471753
48907313
48704420
49051120
48806148
48652384
48158764
48742147
51326305
48138191
47997560
49046377
52404471
52075762
48933952
48478122
48641732
48747424
48991086
48733108
48434025
49081268
48621199
48444433
48845721
49000311
48460339
47933141
53225385
48339478
48610521
48339445
48611287
48938445
48672458
48004272
48285444
48896662
47949807
47772087
48690376
48105780
51769427
48466261
47954847
48441361
48626468
48810323
48416522
48025379
48040521
47832550
48420143
48091963
48653025
48296757
48839257
48330059
48688494
47366072
48409855
48550425
48852361
48192030
48212420
48560781
48665497
48428780
47609263
48352171
50883430
48727186
48753874
48956314
48675860
49033584
48549236
48198158
48194179
48247986
48191673
48775833
47997662
48746660
53660067
48770906
48834605
48648654
48542540
48793368
48643357
48381003
48445221
47913850
48395434
48277268
48592181
54842322
47688223
47401612
48437027
48813818
48794102
48643420
48974873
48447170
49025423
48483509
48005787
48442147
48332199
50325908
48709261
48744255
48703339
48860512
47942177
48499782
48324687
48068800
48226449
48077832
48622256
48024674
51145008
48545349
48530810
48772357
49025216
48526956
48848905
48521039
48734108
48248010
48187462
47743396
48165023
48646321
48511210
48863153
48200372
48763307
48675600
48308190
48401463
48776479
48430309
48447833
48293307
56170162
48589498
48624426
48798636
48459158
47835787
48667900
48726263
48469353
48768486
47844985
48343610
50942415
48608064
49019365
48225287
48792729
49118232
48499352
48259856
47783818
48275352
48517631
47738590
48733060
48350715
48731859
48468527
48580848
48703414
48876368
48526117
47946067
48387485
48783511
48950090
48442845
48225846
48872315
48884282
48690936
51667959
47950847
48205631
48049757
48569481
48037087
48775767
51967236
48341650
48702125
48843656
48569183
49185438
48705658
48501791
48533162
48667771
47949265
48061652
54661317
48253029
48579173
48767487
53251784
48850789
48662344
48104336
48008865
48389574
48504992
51217617
48815210
48408705
48213617
49038398
48687548
48783046
47667670
48168608
48405409
48527096
48513134
51714621
48757383
48681575
48648874
48807305
48459408
48248448
48533322
48507870
48780548
48902755
50835412
50079919
48762133
48716658
48871620
48964303
48497212
49110398
48685127
48348314
48488063
51703785
48275018
48648385
48362363
48961980
49060460
48750949
47620200
48021258
48385984
48401939
50914347
48852821
48724481
49011752
48603635
48581918
48545596
48598316
48297609
48937863
50744443
48519932
48601139
49090839
51931270
48475768
49157797
48791409
48495718
48913250
48467518
52643839
48433675
48563128
48888016
48770692
48721472
48676546
48027640
48475132
48309070
50904562
47729896
55098974
48602055
48421241
49020245
48974095
48367152
48664293
48843092
48184916
48556499
48519684
48855201
49031028
48810738
48492131
48764227
48827371
48433061
48413601
48705741
48705135
49022930
48873593
48770987
48765666
48421422
48533323
48253203
48397771
47665725
48751653
48854630
48651991
47519945
48554615
48144078
48113380
48390659
51173197
48552013
48529545
48704816
48881001
48711566
48823628
48888336
48189394
48428380
52496471
50498403
48659114
48170279
48863236
48633711
48699938
48405814
48378614
48197659
48575844
48424079
48750972
48701550
48674078
48727904
48469561
47880855
48820007
52196720
48583907
48700276
48545538
48682412
48909910
48702106
48546837
48182309
52879709
48272353
48831948
48814350
48412907
48744428
51093959
47257507
48296069
51036302
48663173
48120196
48815181
48489035
49047191
48662256
48800438
48137020
48556746
48439316
48768290
48678054
48691562
47745140
48397478
48300722
48940048
48491507
47839128
48908835
48700384
48424631
48779068
48899047
48496024
48572124
52021548
47843010
48806695
52002314
48293870
48718496