Kafka 3, zookeper 3, Datasize = 2MB , consumer threads = 3,  num of messages = 1000, partitions = 3 , replicas = 1, values in nanosecs, second test round after start server.
187314689
53147716
52688546
51854684
52017417
52637318
54011465
53777890
53779070
53470434
53650815
52980126
56444006
52003791
53943971
53764267
53492443
52587073
53129535
49775336
52406392
52893084
52196440
49303471
49528068
49209591
48987204
49682449
49487953
48672091
49828781
49823226
49256193
49559897
49291643
48785637
49489987
49171665
49002950
48950878
48878266
49648129
50633688
58013588
50086434
49404531
49519701
49279346
49506070
50606882
49021744
49485920
49118037
48910987
49241937
49265622
48784474
47606824
48202529
48202803
49072154
49210736
49116169
49733153
48972444
48434492
48880628
48901579
57831648
48856108
48521739
48886251
49052653
49431699
48890736
49205534
48837423
48460880
48831576
49427214
48667706
48859973
48738458
49161628
55780077
49485571
48778590
49257500
49153721
48356594
49150221
48846084
49015015
53419805
48233327
48996368
48979491
48997738
48711049
49321570
48514186
47816996
48631424
48673624
48851350
48737492
48709061
48941974
48827714
48971691
48989122
48697993
49247993
48679218
48601382
48609895
48436572
48886299
57568910
47072464
48365282
48427556
48026209
49471278
49097602
48289046
49443171
49463449
48134228
49016945
48595885
47470429
49269347
48996688
48651405
48589191
48806121
48725982
48702965
48545883
48145513
48672892
48368609
50599544
48517004
48624686
48434191
49049322
49123049
48428943
49089569
48688031
48452192
48724842
49034808
48272745
49298853
49178840
48615945
48276565
48820392
48848036
48406752
48716380
48572277
49156701
48850703
59461334
47842440
48381512
48272915
48720274
48806853
48630379
48765035
48869475
48703875
48504159
48490660
48595233
48740155
48860994
48375782
48757361
53684079
56527861
48082376
48338256
48779943
48350446
56696345
48530112
48634422
49000773
48340943
49012356
48912195
48829188
48376482
48964996
48787726
48796909
48821553
48930382
48550748
48743634
48679828
48303837
49264400
48367937
48974928
49092169
48362067
48889919
48391695
48584209
48248720
48776867
48706136
48990069
48666548
48874114
48616864
48320404
48414550
48752951
48631960
47810556
48985632
49124651
48620739
48287629
49079823
48752639
48680632
48879105
57517427
48816765
48862435
48255416
49121132
48901338
48795587
48482756
48538279
48697759
48399455
48841693
48220399
48658021
48857588
48385622
48737749
48940445
49751959
51447861
49116447
47734565
50613505
48820115
48166226
48092046
48927956
48424216
48256671
48379999
48112843
47436215
48403613
48682932
48379082
47919714
48721445
48641064
48424758
48583242
49161508
48443046
48308596
57287677
48116726
48257957
57303806
48777773
48524358
48174193
48506040
48174264
49077792
48909247
48285259
48308710
130505554
48653692
48095110
48325100
48477624
48737800
48597142
48343655
56328001
48491595
48188323
48543354
49073353
48549236
48400893
47950889
48383101
48277670
47560944
47981997
49871327
48519985
48263155
48301784
48531075
48258561
48442373
48791378
48281823
47703935
48412854
48253025
48404477
48603255
48908164
48489786
48156414
48623223
48856876
48498712
48180457
48715019
47907988
46782075
46924942
47390694
47102566
47220207
47420041
46766174
47076265
47410394
47520556
48645069
47730745
48278054
48168307
48716567
48123988
48388603
48454698
48514282
48523135
48677724
48242439
48596695
48444582
48599685
52930572
47802423
48093271
48230988
48442279
48612752
48587948
48442741
48539161
48517415
48208015
48246829
48116770
48692732
47978047
47980225
48271645
48067231
48292762
48830136
47578765
47778082
48542844
49319041
48284259
61833970
61996665
48247816
48555816
48222593
48202113
48503163
48410352
47562434
48579225
48915029
47472683
48192821
52196433
48783645
48402758
48543244
48088476
49146669
48549022
48117628
48183881
47984038
48353538
48110867
48095229
48423521
48432122
48261242
48354739
48616614
47924208
51465242
48284257
48284977
48145900
51198797
47878572
48509855
48231767
48014209
48724707
48526338
48002600
48235369
48638978
48228554
47968401
48424390
48009774
51964736
48214505
47851298
48156945
48642962
48290612
48527086
48784217
47866507
48355914
48683941
48226511
48099075
48400355
48302414
48591030
48317319
48131442
48061160
48353703
48634230
48503497
49020015
47895994
48672692
48228950
47960188
48791339
48393659
48095844
48598566
48290588
48023150
48075858
48349880
54877233
48408038
48123187
48043522
48398158
48321669
48297971
48287862
48191672
48238479
48098802
48368462
47937284
53436814
48263992
48211407
47933090
51833824
48135184
48198628
48696525
48407676
48860593
48873785
48274159
48080825
48123515
48686467
48342481
48546147
48599301
48280390
48344689
47833026
48435674
48294756
47997248
48335032
48731244
48794081
48665667
48179577
48055387
48643988
48316582
48255654
48233656
48130916
48096319
48606672
51644956
48021027
48177894
48414133
48260849
48606435
48477665
48091170
48461801
51589134
47775639
48828738
48413710
48443254
48065592
48825823
51275621
48351489
48269031
48070355
48643290
48691150
48143921
48073811
48097251
48052869
48242060
48448091
48121255
48158329
48590491
48653845
51996043
48677343
48267776
48752617
48604359
48571618
51047891
48276586
48507157
48212784
50502902
50456368
52213892
47502147
47867836
54212321
48703186
48295620
48585998
48672775
48910359
48767452
48916485
48520307
48322607
49182707
48261822
48514310
48363875
48724807
50876839
48647545
48295460
48667952
53220241
48923190
48376200
48303674
52298773
48784978
48639803
48135866
48046594
48088692
48766611
51409277
47854144
47368263
47980995
48815494
48883806
48637953
48651744
48139579
48386307
48678800
48218268
48514042
48365505
48052350
52889483
48472799
48240508
48290913
49112164
48552386
48396671
48675615
48330986
48548790
48609107
48512225
48266391
48786892
51933752
48591045
48147961
48177884
48685633
48942971
51019640
47517810
48766965
48736673
48419807
48901324
48467370
48989831
48601689
47961424
48400774
48332290
48707379
48834499
48628599
48125285
48334702
48166575
48055532
48701058
48339596
48388297
50381908
48847950
48291094
48607798
48620754
48616865
48292441
48414339
48823667
48360990
48556763
48434067
47965629
48204686
52245755
47909536
48662801
48189765
48189138
48795996
48413960
48082670
48787743
48478167
48730559
48514737
48767211
51869111
47815162
48287465
54913962
48101237
48866800
48679963
48549443
48609876
48515629
49587095
48243523
48737648
48369625
53163808
48857995
48349491
51215814
47641496
47910404
48353280
48294470
48166987
48568421
48604463
48928730
48497078
54338768
48573541
48333624
49056204
48550791
47836042
48402677
48333995
48866123
48170172
48444633
48841772
48269226
48049279
48263331
48271840
48844585
48694104
48562854
48689454
48359497
48966528
52785104
47766915
48665032
52412864
48080545
48402163
48751688
48624699
48744455
48302691
48685301
48591916
48606155
48560743
48182070
51525958
48371292
48796118
48408741
48644938
49275651
48899195
48286667
48971923
48400684
48733554
48379837
48792232
48039246
48335084
48616673
48226170
48048969
48065127
48331838
48482766
48582494
48480633
48719283
48573642
47918159
48343982
48634776
48923353
48529499
48670326
48215400
48826700
48204342
48275945
48419922
52021675
47626390
48385748
48629232
48287149
48902432
53848823
48654776
48219913
48705577
53099365
48281388
51441703
48004809
48524388
48930060
49070579
48704938
48797756
48746750
48219349
48591231
48236020
52283375
48499693
48473564
48473397
48240923
48738114
48850643
48650246
48270777
48731139
48586735
48718107
51139696
48349714
48893715
48956428
48998991
48582689
48322249
51555825
47654481
48150023
48441518
53140896
48434855
47953702
48436562
48512796
48786350
48504580
48085924
48221994
48225840
48934490
55102328
48941008
48395557
48529694
48817964
48414035
48548301
48250288
48126395
48708326
48186694
57387508
48230261
48483873
48186660
52219449
47803594
48864105
48242230
48425620
48023533
51873950
48065786
48472304
48358377
48614048
48598913
48262553
48257254
48640674
48371006
48597101
51965998
48574160
48105330
48181890
48871026
48705296
48075992
48749587
48137642
48436080
51370159
47565173
48201687
48244877
48302204
48632870
48736200
48520608
54394564
48324669
48568211
48505871
48329922
48821789
48149521
48912715
48727125
48393381
48618385
48244275
48624265
48161336
48278538
48900936
48426536
48728042
48803682
48803245
48295393
48549914
48058805
48075919
47799304
48059611
48321610
49052404
48376331
48677644
48375728
48478045
52507263
48450522
48289581
48394083
48440955
48808673
48499130
48557109
48913831
48783484
53140439
48884059
48232843
48728752
48529911
48281826
48569826
48769278
48512097
48609982
48683475
47602053
48939753
48502508
48550838
48429162
48526098
48516859
48333243
53163532
48522078
47954557
48649195
48240661
48913239
48190762
48206043
48431954
52296394
48599405
48197612
48656536
48004229
48480648
48027704
48276787
48690183
50712002
48174620
47413318
48289253
48255445
48911302
48739751
48027639
48696528
48685375
48434052
48231407
48724494
48523827
48893166
48412502
48022502
48366428
48217863
48146149
47889399
48721152
48145158
48815742
53654329
48594583
48159723
51809403
51552003
48224219
47678159
48170590
48934660