Kafka 3, zookeper 3, Datasize = 2MB , consumer threads = 3,  num of messages = 1000, partitions = 3 , replicas = 2, values in nanosecs, test round one after start server.
225169009
76409579
76442293
72534741
73257131
73569943
75201000
83468118
75850223
75471404
75451986
74751157
74984612
73814376
75659210
75781498
75548574
74582862
73545815
72485095
74420726
74881133
74556211
72991556
71445796
71281998
71538771
71054872
71083967
70790127
71137795
71344033
71337729
71410976
70976876
70762352
71705739
70245398
69365475
70095768
70164725
71184317
70562117
76818926
69815191
70420793
71126222
71433669
71309043
70424023
71024386
71071804
70880114
70813855
70273351
70069050
70562104
70322935
70644458
70383874
70387252
77909114
70795180
70798278
70338622
70267254
70289037
70589924
75686872
78751095
70627476
70775735
69990670
69975129
70433550
69975124
69517902
69250623
69240640
69892872
70043221
70292206
70310771
70352698
70687107
70914723
70948678
70277877
70051549
70487849
69897092
70414501
70538947
70083524
70718702
70734380
70190812
69143480
70694638
70478393
70650786
70970263
69606903
70046383
69969908
70058792
70184228
70321708
70323863
70387902
70385396
70176314
70082944
70308425
70385200
69865916
70049006
70748294
75659955
69375125
70894086
70322166
70366099
69971198
70626335
70433823
70440298
71621722
70819818
69983455
70536666
69813341
70295934
70286588
70327042
69962058
70070784
69882691
70486497
70327219
70001790
71010468
91259084
69683933
70362888
70342324
70229627
70222427
69931212
70329871
70195675
70526391
69941417
70544834
69898782
70075334
69180547
70051849
70835307
69826770
70529076
70507198
69586383
68656700
68821324
69607630
79198263
69379422
70271623
70395826
70298234
70537030
69889285
69881179
70486131
70037523
69920344
70415697
70239964
70118616
70427861
70061727
69844651
70001770
70098311
70200538
70194208
69598809
70698931
70247450
78715468
70607836
70351083
68989620
70168126
70430788
75969717
70631836
70038453
70001253
70113165
70012383
69996582
70629088
76273893
69962774
70137295
70033092
70332500
70086936
69806399
70406728
70557637
78060039
71002843
69028652
69879876
70067868
69743907
70224973
70255107
70406543
70533567
70530649
69641010
70493509
70815914
69643199
69912182
70565524
69947740
70218912
69807625
70460356
70272265
73473601
70649910
70247570
70364823
70303949
70004196
70206969
70116954
69506660
70462228
70415248
70000308
69989663
70204318
70311505
70077335
70159505
70163316
70403488
71721245
71751655
69676465
73368032
69081594
69917130
70079414
69632600
70146775
70131873
69612811
69936814
69536905
69867996
70275557
70384983
70774147
69785741
69814337
70021849
70144625
69649333
68885219
76809824
70690892
75163570
70569322
69826373
70232618
69957442
70029179
70239658
69901833
70240060
70198656
69762268
69154248
70192194
69926067
70015518
70213964
70592608
69918462
70248697
70140450
69795635
72640319
69399019
70197921
70374730
70446621
70522001
70323640
74247509
69906658
69755104
69322764
69850913
70213993
70157845
70101826
70154510
68712721
68531029
68847747
69935408
74364519
69886367
70350698
70071937
70068176
70019010
69165757
70130927
69497533
69826518
69928025
75538085
69610826
69853914
69483958
69304120
68097523
68757103
69622769
76732830
73233144
69428955
70093660
69504226
70087472
70356559
70066191
70146249
69566003
69710048
69650325
70065636
69890137
69606294
70392588
70198714
69965821
70163936
69469506
69936812
70003646
70066680
69774818
69810332
70075305
70238452
70171200
69469305
69630278
69835584
69788046
69508014
70094133
69508350
69600841
70031313
70174328
69870885
69984842
72599155
70287662
70337486
69864627
70411891
70023664
69687647
70157094
69774856
69298148
69510432
69837881
69634112
69831932
69394934
69804855
78478126
69058216
77110261
69987360
69945999
69428925
70116394
70055715
70127705
69423235
69984108
69725485
69487674
69723702
69413397
69900420
69594762
76099214
69083453
70152485
69649717
78209528
70132926
69785008
70105173
70022615
69793623
68996976
69645485
70154759
69770523
70284843
69627385
69991213
70104953
69964966
69493987
69986045
69719742
74745238
70517643
69798993
69460264
69902608
70012902
69724939
69732398
69541409
69869809
69932717
69907356
69284286
70106097
69415010
69915387
69919704
69379950
72687733
70055835
68881122
69540497
69912072
69766104
69843421
70175105
69721917
69226117
69466888
69313649
69478654
69410390
75725398
69912228
70005236
75630044
69378953
70011268
69846901
69228831
74503873
69305534
70083439
69598131
69857340
69701956
70172821
69387013
69535378
69660183
69980915
69785239
73265891
69802405
69855352
70306060
70248272
70488476
69960750
69707491
69435874
69889354
69522270
69737570
69524662
69645468
70083079
69619359
69868594
69745971
69756194
69948899
69715634
69989197
69422356
69827822
70309225
68742288
69888997
69672307
69415054
69763789
69644687
69706355
69711509
72929329
69785910
69635821
70044071
69436870
69791275
69227709
69822675
69415921
70109789
69678786
70043220
69522569
69478113
69483481
70036448
74253087
70199441
70115450
69651318
69373779
69763824
69226727
69744334
70084237
69225692
70226992
70144103
76158661
69554721
69912976
69671858
72504151
70319450
70116257
70267878
70050577
69685895
70379054
69672998
68308812
68428391
68564078
68103769
67974909
68143726
68522082
71785402
68330865
68090704
68911422
69527531
70045590
69588034
70410329
69319136
70088969
69956552
69619355
69837181
70155986
69811338
74738179
70256101
70707451
69818721
70739648
69709679
69425965
69316003
70014144
69744566
69575593
70079520
69880892
69873811
69508283
72744330
69499329
70206081
70290662
70222010
75872516
70324315
158742183
78487468
70176496
70073870
70225777
70036195
75592970
69875908
74116255
70448378
70032312
69950601
69609353
69523648
69701562
70301876
69299566
69480155
74383910
68789036
69009526
69835906
72700620
69250105
70502612
70075046
68936982
68889872
69161370
70031210
69725059
69765106
69177834
69511535
69786242
70119289
69846640
70235569
70402187
70062790
69906540
69645662
70204086
69358278
69823587
69588349
70397026
70138590
69673701
69391028
72690712
68977216
68574980
68566725
69631933
69795912
69952075
69570642
70148304
69913010
69497711
69573123
69218468
69633131
73082479
70227011
69651913
69881591
69881358
69941351
69538536
70499490
68884648
69554735
70448157
69686070
69260648
72446110
70492371
76504442
69704632
70047445
69983129
69981291
69603583
69723304
70286760
70001814
69590057
69397318
69853500
71641810
70196296
69721804
69733562
70010700
69686787
69616314
69546951
69900433
69565693
69695858
70002581
69313542
73287307
70013750
69945998
70107210
69493021
69918693
69534654
69871544
69934536
69622362
69938882
69821397
70066644
69369111
69996267
69917346
68793242
69758203
69539689
70226379
68802561
69142271
69632265
69562182
69946856
75190261
69856380
70125290
70110731
75804944
69680571
70418323
69951748
69399396
69593659
69814034
69375165
77994812
70014952
69528370
69853195
69483517
70155812
69396707
69412092
70134592
69832256
69976311
69749943
69627249
69721344
70382044
69865973
70063015
69671603
70180792
69366461
69902086
69575094
69653794
69520691
70002971
69404508
70123506
70609505
70059466
69508243
69574845
69698980
69420494
69492343
71748163
68513462
71911730
69465351
69452133
69762552
69890750
69972540
69716719
69868234
69507326
69955851
69577275
70398251
72154792
69751790
69820024
69865605
69505049
70033454
69413291
69980058
69896251
69539098
69689552
72752591
69657293
69976294
70106616
69972887
68516335
68872973
69537727
69658021
69703884
70142917
69580201
73240284
70368291
105879931
70144205
69651512
69631522
69623015
69726965
69725389
70452529
69839960
74965133
70118140
69144644
69417905
69843461
69450785
68844595
68803239
70023190
69706677
69980688
75740340
70221705
69542489
69778547
69688115
70086755
70438961
69972497
70192771
69954521
69973517
72837091
69779633
70160225
69358435
69714227
69985627
69625942
69962715
69492229
69746979
72122807
69858594
69473430
70103247
69765102
69725707
69582722
69758346
69795879
69764627
69341800
73878686
70074900
104617469
70144499
124916727
70364723
69809071
72290760
69512838
69969763
109345475
69211550
69496395
69872532
70308892
69623701
69490724
69689131
69337992
70066178
69846755
69611470
69884599
70078912
69886997
70432477
70071121
69872599
69853474
69552550
70031444
69713802
69960170
70658527
69508590
69762577
69889566
69487757
69594893
69654882
69949741
69903036
70106129
69823535
69144568
69739955
69712395
70249329
69735145
70007843
72848009
69760940
70011053
69550441
69861761
68601755
68892451
69709704
70138683
69381846
73617545
69959390
70114349
69477764
69313399
69644485
69643280
69428068
69473981
70416145
69519042
69689396
70213635
70262988
69655533
69315494
69832943
69600294
69483757
74445316
69892253
70372882
69704139
75994380
70396591
70223692
69444973
70291059
74834449
70272699
69581369
70017237
69789761
69397102
69610657
70026598
69744792
72646827
69811436
69959476
69902457
72645902
69525882
69915116
69594095
69676365
69866005
68288940
69270413
70038803
69619196
69366203
69622937
69660243
69879182
69730332
69299018
70287789
70100446
69470602
69599359
70111532
69800556
69616461
72589249
70068579
69524530
69889644
69175030
69785168
69589327