Kafka 3, zookeper 3, Datasize = 10MB , consumer threads = 3,  num of messages = 1000, partitions = 3 , replicas = 1, values in nanosecs, third test round after start server.
352056773
277958252
325065454
263205926
243236480
280561605
242462513
271323072
280379024
237661170
244636908
284585382
249197883
254759115
291460654
252588729
253700012
298983381
239056591
240253806
280365912
237748140
238924506
276739089
247965986
241763937
282861832
256806450
241412991
277169414
238723987
243787993
280784896
238182710
242250945
279810477
245967683
246171501
280773268
252138857
254099582
289098356
252372017
251888800
292174093
250937465
257096103
304237223
239011291
238931669
277794597
242997658
243467540
276049810
237960629
243441192
277355142
238106315
241052751
281050547
237110564
240279997
282891197
240816421
240590428
280127812
252465813
259607278
281551434
245569175
249269683
282667219
239953943
254973208
281704782
237993153
248685384
289347672
249040463
246220573
280129257
238999339
244640017
281755090
243595519
244258603
279948747
244476115
252541706
285803662
244745542
250645616
286771082
251249773
246550328
288980566
252967812
262365435
295614255
248111790
252986051
290249370
255560710
255498447
289783482
254110502
251436825
299309811
246413815
248956298
279715232
240746341
246665220
280263973
239512833
247027335
282519757
246652171
250734214
281612881
241420098
245492617
280027340
238852895
245230554
281492734
244249361
244560677
278295468
239660566
247384164
280081093
236596049
244718133
279615590
247204355
248479444
278161874
240836652
243039226
281802567
236376619
244286688
282453354
246198781
245743207
279213774
254252252
250274722
286796097
240106843
247312460
286747479
247434836
248995709
280305815
240794644
246959157
280426157
240289362
247653637
280984031
238877653
245004534
280074080
249612585
246885168
279183517
239122958
241528515
276024993
238604837
244862993
286738565
236495047
242424613
277503422
244272034
248330478
278786832
240841034
244491340
274750963
238293218
243186462
280710969
249304272
245790781
292157181
252158289
249470365
281330372
248312772
310494571
287728252
242345717
249002976
279863599
240423967
248801439
280551192
239355032
248326260
289289982
241822404
248176428
279124541
247088345
246755903
278113192
240654238
246812959
280968741
236432107
242362495
280579654
245057563
250226972
278887305
241109276
246201693
288801012
249504392
257175108
280982242
240920019
246967437
282459026
239539104
251505413
285066263
239908246
241803646
280414636
238562016
249170541
279250790
246564154
250329623
281412309
239075232
245689229
285357967
242043283
245998508
277158107
277244312
258600389
281278693
242482378
245197916
281275457
247392828
246843605
278376625
241880305
243615412
284655925
254499226
276979451
283415748
240658965
247811619
281399746
240300202
248017650
280720363
247053273
247026585
334975918
263055846
256608426
284685577
239901174
251292649
282101181
246408186
249561513
283767936
238987559
248843996
281836437
236647332
243232887
278206749
248753220
243657035
278030020
245579756
245994797
284692317
240674619
254393856
282270972
245602745
248892786
280210030
239634835
249461988
281538005
240654058
243103314
279502005
245925958
243477432
279907392
239807393
243001604
277989128
238603333
248607245
283903875
238329198
241592721
277324239
237733430
242057232
273334626
237225211
244905300
279601298
243370581
243351396
277016050
238717613
244853042
281220327
243236400
244686357
279508254
239320743
242753820
279149614
238673231
246578267
279351499
243585512
246046321
279823643
240712506
248892246
280553433
238503489
246256250
278559197
241078444
243089900
276661554
238065989
244511763
303175454
249107730
241845424
277627617
238160290
244436752
286365125
239344902
249465859
289852484
249453241
248142761
279864720
240982989
245856070
280637738
239503406
248792437
286884987
247452552
247216583
280223402
240255388
245263768
280443972
239699134
248522155
285487970
239923112
250992196
282354564
241475745
245929954
277380390
240699442
255619265
280183107
240807094
247591557
280030193
245895369
248163466
282944272
239047098
252463063
283689583
238404110
249363799
287095761
247534150
249098345
280704353
240608509
244874087
280861293
240164516
246491605
279291230
243096935
245564102
285620876
246513459
244642015
282480945
249433198
243485553
279078525
240232525
245628189
280032777
238092813
251114983
286985433
247051227
250668776
278944981
249380961
251449965
281572596
242361716
245140909
282533924
241145778
249543044
281416268
293773405
247342013
284208425
244554692
245750800
273578524
261107139
241177503
284437925
238112808
248405154
280430318
239923040
249906413
247629989
355651676
286877451
307053898
248592258
390446631
302445079
251832030
243387592
280534777
246289094
253463313
340400639
265419605
250829214
285250145
242210695
249915353
290562209
244225456
246728213
281123020
240137475
243681219
239898493
240774780
240335709
241765981
1602146983
813623630
1365999089
497770041
1180234820
487226429
368279183
301067972
323696423
258500472
245887109
281643624
244692403
243937702
278870736
247354115
244608650
279646657
247381932
249611058
281233081
240116139
253484013
284382504
239980510
251581159
280164214
246678022
247698570
280514013
242132428
246144963
278860061
240097026
245135386
283984402
241389658
245239644
276341126
238307077
245666392
281665904
238700780
247219744
281453111
245169348
248956514
280745535
240527800
245100695
282211204
239084393
248409754
282326018
247209658
249830490
281005316
241045353
246347980
281684702
239938882
244866649
277455763
242986882
249078305
280479568
241382437
246145356
277511104
241696923
248648629
280986449
239125371
246950760
280909115
245693300
251143034
284947803
239945254
248895735
282360154
240646173
248625865
295122864
243888972
244987921
280660349
245806517
248323299
281039229
238631279
244772018
280558622
243565055
245304615
280745182
239183363
247068192
281183980
245893029
250453237
280901084
239428512
245649448
281679524
241152141
255620585
290150882
250484586
251802531
281246616
239747551
250434178
283432033
242135545
246890377
282667577
241027628
247057505
280810738
239615030
248897561
281988596
248070481
253453730
287377376
251862041
248106810
288702966
248657608
251157437
279840116
240769625
246258574
279681784
243405208
247659584
280834286
241240754
252693138
284683836
239781846
248668782
279775383
239345783
256401258
277411579
239558798
249147744
279679731
248436055
248437060
278957982
242029771
247575987
287314558
242358789
248874611
284853891
239443216
246362152
281708591
239875587
245665597
295209146
240185112
243977077
280142503
239782104
247202705
288116257
248799315
248107334
281024771
244685976
245526377
280714852
239141795
247182659
281660604
240446407
244773351
292797322
240090006
245823202
289023619
244090275
248810307
279107217
242760374
244954137
279956261
241344957
246890332
291060756
250903173
251130902
284419295
240727831
254647794
289178845
239682680
247886914
280367305
250420785
246942843
280365019
239646675
252508761
282697668
239649369
245423355
279242032
247762395
245710345
280607704
253834574
251723680
282752684
239696530
248239442
288632698
248413272
248678885
280204409
240086636
248687516
280215632
240463701
248364933
280674008
239085240
256139424
278007682
247873358
247478451
279514342
241278314
251756246
288392558
239245086
247364240
282764820
243923852
247708098
279437598
240944289
246826534
289338325
238215587
243433931
279843587
239868924
240843033
280220548
240775459
245961462
280128080
239713083
242331175
279906654
239023646
245303754
281047603
240820778
244434961
238810158
240692491
342976140
332882423
3786779889
2918246064
3566098225
3269049261
500442308
458480202
365209513
300882722
296768185
244611129
280056789
238243707
281595004
249398271
1069846851
1001602814
494024175
469650650
792110435
556955108
438829395
343167560
322195485
313489112
256006361
240949234
276686765
244459773
242340361
280725193
238523582
240878359
283657745
239665291
247445147
280583219
240282505
249771719
280909412
245410974
248164847
282302957
241237692
246562837
287793717
241553972
245750638
281208811
240228263
244398306
285130057
238426061
245699728
281953071
239687421
244226537
278972831
242334314
249378525
297740880
249714105
247476862
281393926
241315692
244361315
283357060
242424920
246946183
281586702
245363599
246752204
279253618
239788122
243247753
280167322
239399208
244675466
282011617
240997038
248515474
280850488
240614800
258938580
286320402
242651891
248144227
281543983
241081149
244096760
282882091
240793922
247600493
288999933
251974958
244200117
280753215
240689934
244669735
281242773
239500118
247329734
292303851
241736810
247230333
279856058
239686010
241932462
277731553
243460143
243941852
286226356
241690390
246539378
280414169
247373093
241251675
278154906
239260631
250136351
280187790
239979069
247067034
283211292
246988379
244557750
281519397
240867044
251654972
282383723
238938089
248789380
291792095
251740813
253452872
279537323
239794778
244737971
276554920
241263075
245733449
278838428
237092827
261295914
286880406
247734590
245364380
278818397
243627013
242288994
277754745
239388681
265790578
281153216
237779681
243500474
286075357
240908748
247528296
280283251
247412216
248993946
279257492
260272376
239927096
280407654
240370125
246152984
278088683
239192414
243976656
281893714
238263998
245706802
282029742
242740633
250325436
285618040
240082237
243659880
286611549
248335030
247403818
279098324
239773136
244787587
280255395
238070321
247235065
280150129
247192037
240497507
279621205
240562548
243979766
278030130
245983338
249785336
280093337
238473406
248611008
285863277
249653509
243064732
281619730
242185686
241976816
280135835
241182782
246880660
279641666
240141691
244844500
282654148
251842661
245306436
288064056
246863939
246708642
280174469
239016852
247093463
279936382
238792222
246574372
281495183
261024202
245033099
281149995
244324545
246453307
278520758
239692290
246120781
279519087
239011452
241074309
298470860
240079672
243318539
287970464
241161545
250429543
279404550
239988731
244321622
280657000
239271655
252571322
288185878
241908907
244616845
285192557
240353087