Kafka 3, zookeper 3, Datasize = 10MB , consumer threads = 3,  num of messages = 1000, partitions = 3 , replicas = 1, values in nanosecs, second test round after start server.
345664242
269491145
274573294
246343011
235484137
236888758
237878357
259902720
239974046
243842964
240551139
239505093
241820531
249802770
248411882
249333133
255872157
250627118
238382178
239220000
245082187
237219958
240395736
243977240
239649272
237705845
239620299
246345270
237234549
239070987
238375935
238994519
238694147
238095412
238092131
238119076
237979457
243747509
240148909
252940987
249779523
248692352
247123988
251015886
252287658
251507173
254713489
248212793
238140252
239104547
246783997
237999074
236379837
238543026
238979011
237842808
238194991
238386436
240312091
242618526
238265653
239189929
237648138
237120703
238953703
237270028
238456565
252548684
238233949
237189410
240688220
238682734
239400357
238039005
236810874
237089702
237103916
239405342
243843911
238493370
237870017
243189694
236558881
236260723
237724346
236353233
255333607
237345364
241249286
235182697
233772384
239689474
237710442
238226055
238106037
236233094
238835797
238534647
238613483
237792709
236354205
243442733
238367852
237601511
237897812
243119501
238389080
237041918
237562364
239654915
238902472
238018466
238430549
238723515
235969889
236923610
240427362
235947859
238658057
235975580
239849392
236264672
236922224
248665225
239849795
235790806
237489883
241268871
243015885
237786284
237456448
236634499
238537042
237794721
238386714
241447893
239406077
237320879
238588324
237346674
245207719
238470654
237387152
236473093
237846625
240050279
242430979
238990308
238041703
237735601
238701125
242555341
238370088
236328118
238227718
248528973
252132291
237655963
238084552
241461596
237074571
235263935
238846970
238536457
237676879
234918683
240636282
239690845
235798575
237681957
238426060
235463417
243025728
237286405
236984247
238023890
240117547
238085854
238930968
241200826
238236780
237802459
238572151
239317066
239143824
236424231
237756259
238902481
249626179
236078464
237542808
237046405
237831363
236165604
237985154
239849443
238806763
234307332
237457902
238052506
236542102
239931420
237900122
240797665
237932188
236886265
238232044
236411502
240343730
236635726
238140119
235711301
236426464
239266967
241707977
239136609
240680852
248810198
238293174
237623519
237259670
240297034
238139042
237593659
238218953
237863463
237497014
238021632
245749515
239805353
245502355
238580202
237339530
237824952
236062432
238204192
237945131
236620013
236562804
237629557
249327239
239482151
237731942
237472631
245737630
238348773
238832577
245397941
238097055
238370570
240159155
240008493
236319714
236824644
237429283
242148944
246526911
237925027
239143596
237666389
244758785
239569410
238250500
239100510
238803021
237409273
234998756
238442265
237632126
245353139
237285128
237967686
236406028
236390104
237728820
236551302
236608433
237783884
237341457
238052767
239053518
235242225
243684644
236507675
236611604
237086522
238812133
237528067
242817058
243678779
236686125
237326958
251370689
237616565
237751365
236003758
236974303
239623433
237716472
240379583
238319198
238129272
240773909
249660711
239552490
238259898
235382728
238231751
237520635
235959022
243363412
238764232
237601063
239058915
236918010
235576051
238388888
235443166
236746524
239852064
236682786
239437580
237378221
236622381
240326416
238363691
235629518
235001856
240088094
237353303
236400003
237894179
236694746
237540294
235882039
236807753
232651893
248000720
236668728
239004188
237710638
241130414
238461760
249982664
238913758
240224097
235692393
236379891
237071446
238959983
236077230
238106632
255977590
237740977
237766306
242036845
239449376
237799697
238925573
236554893
237752004
257780343
237129229
241195582
237246863
238558146
237550190
238415521
238324476
236189274
239746829
238029745
237927690
259783458
238729085
237248238
238783657
236552861
237840381
237129747
239117659
239253246
244836059
243864052
239367658
239634763
237619599
238323225
246117534
238259168
237395125
237209833
237337027
238262528
237555108
238038754
234936687
238268163
238476647
237652902
236536776
237274535
241163731
237083332
237330350
237806620
238056834
236506798
236091318
241852662
237899545
237420988
237069986
238103999
238257464
237912059
236955989
246390707
238531112
238486138
236980527
238538252
242314253
238981157
238838850
237383675
236906580
238883944
237954055
242050789
255317838
239696918
236576795
238110517
238711324
235894118
237927793
238481090
237759633
236809603
237831877
241233629
237382959
236181176
242461482
236394914
237221749
237629662
238700476
238496971
236999479
239542704
239382384
235973429
239771373
245858413
257244266
236829642
238195610
237039646
235771009
238003624
237939215
237979107
240379536
237804891
237500519
240081584
236277433
237735266
239179267
236560002
238157869
235957363
238447250
237612822
238043144
236007275
236946928
248953988
253050425
238130835
237050315
240312503
235725392
236269239
238456197
238696871
237374110
236283823
240506854
349842375
273013713
249362665
237284647
238611302
237219064
238510231
238333740
238983579
237968531
238479030
237426172
254020609
238970635
238741843
237570717
236869780
238642288
238247829
235698946
237961201
239473482
247396985
236541954
237592107
235558719
237089171
4160491625
4045598206
3528509453
3848967276
478861386
382779053
333680623
268992827
246061021
236925121
237150066
238859552
236784515
235249187
242015012
245784380
238767230
238708888
234947861
236307576
238343090
239104826
243125546
237949379
237332214
254307637
238660236
240598191
238624794
236728514
237621035
238404001
239232068
237282370
246739636
237196795
237131269
237068662
234155850
236460700
238209996
238439028
238222683
256534018
238149349
237933736
241115244
237785272
237914882
235706249
239077982
237585786
237456896
241032075
247443117
238275362
237807857
238034673
236375775
236267054
238300379
238684767
239632940
237979125
237448018
237147291
242383929
242940989
238380830
237437196
238457138
239364340
237879236
234839484
236183578
243150893
236293318
237475885
238283471
238267512
238548712
236153869
236579330
234913842
235752934
239727295
237962718
236883192
239029209
238060154
237740955
235673638
236298790
236534635
253308151
240350436
237610130
236681020
238561273
237920817
237390908
236743327
238082792
255986345
236422974
237960314
238261264
237906465
240478765
238174384
238594622
237647843
241350824
238852305
237754490
237120330
237531784
238107759
238433265
237644996
245793769
238783512
237968422
238032121
234868426
236800665
237550295
240025381
236360163
244268132
237213688
237492049
236636228
237192847
241682381
237617810
234622113
245663965
237437940
236631370
238502884
237666504
237174219
237139642
237080508
235558799
237141387
241666315
237610527
237884158
237512239
236834846
263506618
239582774
236265101
238334242
238519196
237645898
242083209
238162412
237166716
242421944
239099669
237610396
237567758
236405376
237858404
238113140
238607129
245681706
250133305
236552840
237448915
238042994
236344621
236297179
240035750
238141604
238448002
245677826
242027045
237898075
236170761
237176690
239075382
234819608
243666269
257468128
237859923
238039701
239031601
237797337
236539723
237071045
238629008
238074840
233910698
256106349
237254246
236567878
237790476
239115956
235175755
237084099
235413925
236373866
238040824
234927178
241331268
250008866
236592190
236392458
236966101
236291986
235548128
240132095
237585959
236700483
237424095
237788425
238518361
236448363
236764635
237976945
242513654
243082216
239010727
237791774
242445354
239770371
237782768
237450665
236734322
238720874
237201744
238368248
237053766
237946490
235893952
239734608
236785513
236457271
237212835
243706374
237363019
236235122
237358340
237954712
238202328
236510480
239960190
245437981
243288203
238549055
237245618
235462687
238618570
242590518
236158600
236356078
238341235
238024896
237232617
237394079
247777108
238570815
236646597
240298150
239113777
238877626
237637196
238133710
238370832
238229517
236198558
241125489
241532323
237753080
237366363
237466325
235439455
237496358
235379968
235676656
236760749
237381111
236494830
236837496
238619465
238877504
237718105
236649181
237691062
236403985
236386712
235351619
241512792
238257863
236513984
238822477
247973723
237945362
237615915
240260725
243301269
241169306
237488234
239127851
240139345
238764223
2653879501
2539709197
2413567453
245164188
237833981
4311386653
2175690813
1579222274
491665604
1919854982
397871628
347871229
281469419
246612590
236362654
237330708
237488373
235380465
236703552
245626228
238564129
240894426
242926492
237844625
237142704
236195009
237774902
236875984
238005111
237758133
236887500
237662121
245916446
237909062
235869855
236456265
238498701
238092676
240887209
237405240
237670297
236765583
237050859
238758420
238042999
236135436
240025647
240612796
236806679
249116645
366292422
282173155
251215922
236616476
235738496
236382948
236304566
234254293
235871406
236734931
246982830
238251072
236706607
236678996
237561026
236797960
236500950
240294453
236057321
238784519
238747121
238323337
237258314
241402960
238601887
237870675
238981440
245021754
237906831
239503828
239154186
238160618
237814832
238604091
241707095
238496644
234567325
237659630
238456632
235482406
236910099
237041757
236149080
237322774
235048907
243169207
238883701
235878533
237514800
236137000
235482457
241632723
237592324
235350617
236777608
236446311
236611435
236999925
234490614
245390675
237695327
233845330
235066380
237355493
236718995
236711874
242008085
236743497
235737470
238637289
237067378
236387740
235176869
245764865
236895817
237305925
235503475
236577431
237973383
234927516
242125077
236751165
234835097
235365817
236955059
235337106
243194747
233336611
235402154
236284626
241482994
238727526
235683169
243220084
234716195
236270256
236357778
235316163
240423634
246476484
235988828
236351995
237782017
235393729
236575699
242150392
237420019
235932220
242189294
237418847
234930234
247730265
236608761
236928207
236837100
236573407
236740861
254261526
236806054
235994499
236085324
234178643