Kafka 3, zookeper 3, Datasize = 10MB , consumer threads = 3,  num of messages = 1000, partitions = 3 , replicas = 1, values in nanosecs, first test round after start server.
387993344
304310515
310585329
262355418
256763594
255934382
248719114
265945632
244053534
247160401
242090133
240308935
246107958
253058649
256500819
255873725
259883564
261886493
251721294
239800188
247564877
248470441
246306460
248268275
253971159
254809876
239787206
255869361
238618689
242005583
244253892
239469391
248076425
241481523
244954790
238507142
242139305
241857918
242674972
254512255
258193172
253065420
252223699
249893609
250123644
252321624
252237045
257483993
239850765
240245162
238382439
239132109
239527773
239471374
241968698
237709472
238190327
241547978
246000982
241090840
247825071
239046448
239808759
239039938
239601903
244624886
240783841
257600434
246514539
238815561
239821714
238025376
236093257
239445022
236988227
239969731
240523693
240779713
238220108
238611160
238246380
239377665
238999782
239965584
239434884
239736203
238821090
241428888
253670306
249363406
247412564
247380046
249276324
251217781
250682569
252258730
258767018
257344900
251302478
255467267
248842563
250186241
251980047
251466727
250868664
251048445
250916951
257300527
239074956
239724186
242889628
240979315
240052204
239659599
240055684
239118220
237403350
239613593
239341624
236543303
238509748
239870896
236020561
238442704
238149225
239651917
238167303
242173569
242077237
238893741
238618043
243623688
245044466
242796280
239200737
238294027
238577205
237784260
238083474
237200044
235742426
238045256
240362354
243449752
239361343
237060679
238438986
253789053
239718122
237783236
239378637
239899678
238412092
238846309
237825069
238388666
238942686
240416147
239294238
238899933
236803878
241877564
239402223
237710446
239426235
239057527
238053885
236891472
243094975
238882389
239428273
244453923
243204426
238532128
238085180
239986599
238687209
238015294
237270809
240309201
238972123
236718771
268222285
239830243
239853302
238384488
256596608
239028873
238641009
239257748
238700855
238406805
237448493
238080755
237817358
237896281
237991613
237485985
236260038
235370524
235429797
237454705
236696875
237465921
238584211
238898212
237070695
238057084
238255248
237370659
265767321
276507303
238618824
241797424
238940928
243822051
238784033
237961366
239963816
237513796
237550604
243835520
242183409
259082299
237784777
239159150
238647453
237864129
238704249
239981421
238829353
238225774
238729265
241849964
240071035
238043815
239082615
237248659
237725559
238454450
237993415
235968253
235826229
239071916
240776560
241978145
240389777
237966277
238766121
242828790
244975074
236762845
239696546
236615044
240648496
240254107
238782241
240615897
237627340
248521298
242236574
239053167
239770114
245318573
240425901
238521112
239451875
239192209
236843168
238607743
239613424
238698387
236533409
237813839
238696738
237764210
236927871
237396495
243572446
239656203
240482547
238418477
236640688
237765102
237958684
238317831
237193301
236392747
243632574
244214465
239882676
237666105
238339619
243486480
236310223
237011654
238931222
237835185
237305090
242352428
238630204
238785540
237800454
240042077
238198643
236536370
239479866
236718172
236125205
238174288
239884345
237939289
242824771
242829948
246913717
235910847
237457986
237771224
238934953
237181052
238573222
235786635
238056565
237475139
241104510
253601054
245482131
244002622
243402418
238461314
239111870
237719832
237680133
236525452
237733462
239126543
238864543
239391099
240877709
238643624
237262178
238959186
239448612
236064015
237554424
238533211
239555821
239891994
239083878
239301032
238410691
238356603
237201484
237654376
238711909
237366018
238544422
236494431
236559774
238301498
238859242
238599617
237786424
238546466
236380494
237116254
244691726
246312542
238296057
239104577
237228162
239636601
239324876
238713720
243563388
238278894
237675622
245482497
242735027
238286606
238722688
238925422
240149356
239359008
238954782
243633582
250565369
239344066
239949404
236392584
238361866
236487534
237027355
238607456
238487913
235725590
243954532
241006493
237950541
238040442
238609003
238103117
238327918
234394305
238019905
253920931
240155546
239448774
237759408
238474416
237859207
236987988
239924549
237124543
237174096
247917926
240793405
238649935
237464505
238518390
239408196
239412356
237482592
238285714
238590147
238902575
239483303
238809691
237735071
236890705
237751725
236827248
239178062
236301777
235440952
238149208
237931507
238524972
236549218
238227156
238642949
254629493
256727410
238555358
247588781
240034011
238362993
237190287
243065056
236352801
238380277
238589046
237045323
235045252
237087217
244771644
239681246
241404001
239202825
238823551
237981997
238693019
238834300
240246027
246602403
239766854
239883514
241553167
243704974
238810479
237407490
237577083
235636246
237458935
238977980
236499897
238067216
237819101
237168379
237741973
238819397
239113265
238087804
240325201
237413463
237277485
237234086
243469575
239031894
239355230
245814040
239316150
239272002
235849837
237708504
238288966
237323641
245242790
236460355
238700002
239351438
239003207
236195896
236960470
238205995
238805984
237155460
239241637
236777647
238456021
235498579
237298701
236908569
237225744
235614433
239030594
237594914
237424424
235642880
237730546
235676844
236711412
236610099
238923137
237748475
243244693
242673808
238694554
238787933
238490736
238819301
238071398
244996904
239196391
238170426
237523890
244239953
238367814
237888073
237837111
238531777
238918670
236517411
243205762
237270967
237654231
238465252
239215519
236659434
237532520
236461853
237891650
237997103
266819443
242189761
241077873
234306749
237111615
236933643
241388424
238389108
242466299
239155053
236883574
240415546
240324707
236901298
238624390
240036347
238713548
236506749
236155827
238334056
239884075
238871847
236610392
237539065
237913677
292508630
244781618
239112969
236139683
239214904
240455259
246615566
237660213
235597834
237133443
238711643
238016946
237210666
235462449
236326400
235901698
239890993
236399403
237250009
238120684
238556708
242455084
237780654
236223780
235737371
249652505
238221389
347801693
921559356
445917257
724329408
420885721
381459801
303674895
256493881
237451410
238190249
238856116
237989298
249691619
240468360
237007984
238523877
237263380
238290642
246850783
243945685
242194381
245628290
238257170
375181020
284296678
258098453
237698498
235785153
238273855
239665756
236187367
236339877
237249325
238365748
239423463
236979355
236460616
261874513
237443989
237245912
237815829
240458617
238037977
236129053
238072945
237414981
237461122
235796588
238595821
237303051
237690857
241308767
239280388
239263808
237987060
251418716
239295884
238193901
238960592
235629032
238335434
238437357
238338031
236107529
238752189
238770633
238075697
236848463
236553261
239211046
237075164
235089073
235174603
250797887
237749761
237444973
241064104
234823894
236280422
239240586
237743861
236744187
235911738
239279664
242397652
237664952
235771571
238976655
238123154
245272913
238730149
239764042
241927773
245439097
238731646
237755950
238726214
236740007
238070441
237221500
238499022
240128355
242242969
237223784
237899907
246163760
239265897
238021549
237672456
238157199
237185786
237074500
237265538
237611455
237243997
238565757
239139270
239185447
242802352
236683921
236260799
246992907
240939121
237683077
235295159
238010652
237980427
238957759
237466103
236272788
238626280
238100085
243900194
237413603
232919717
238169253
237582944
238450691
236430048
237822777
238150020
237790448
238610853
236380783
237927991
239821604
236499861
243265062
238596795
236455731
247673108
238635131
237567406
237280221
238501424
237821533
236040177
243200559
235996322
238117451
239150740
241327737
237093154
244882321
239158118
243282364
239136531
237783464
238573146
239091768
236725609
240771808
238814226
238872528
243186834
238916114
237985393
245600788
239212267
238778005
235006399
237438525
238384197
237213699
236013408
234915448
237050166
238936953
236114576
238138003
236678263
237236819
235922220
237841495
238305840
236426209
242017609
236754245
237350638
238510160
240007798
236778697
246013459
238154230
236588637
237686329
237071579
238494958
238060716
236624726
236120932
238849884
238386452
242408882
236704942
238752118
236359097
238831455
236210147
237412660
235573467
235356010
243287947
237601300
235543981
255638095
238067967
235593228
234524055
237108919
238452008
233624808
238604818
241255277
237818282
240670547
247924284
235865140
236138595
237242993
238947097
237139541
241254898
239145319
238810085
236113439
239286315
239888206
237834387
236251037
237699841
236665153
242547215
237381896
237727121
240048256
237301342
244534975
237666067
237548964
236632881
237584129
236436246
238155688
240581582
236074676
236782937
234676440
236508278
237696199
234945156
237096718
237444237
238219506
238796008
236135375
249624160
243254249
237298584
237490477
236396863
240486411
427304039
313441748
273076383
259460084
236587562
237212769
248265965
238015743
234378306
237979171
238377043
303864866
265921822
240815002
238065441
237776086
237892220
243430085
239136414
237238440
237544413
238166098
237497100
257980424
236732342
306256715
248976448
342658329
266326310
251955344
238972998
237503117
237151486
238117831
241937786
236228507
236371233
242660901
241489707
238095215
236643423
240212436
238386082
237252101
236482217
237090675
237732944
239317461
237590670
239774237
240179514
244308438
237909251
249373939
238835036
238440873
238050619
237836531
237599347
239523801
237373009
235621721
238852484
237651159
235600266
237941862
237111515
235874347
236776274
241673944
238007887
237576444
236525160
237554817
235004348
237231961
242542176
236450475
238257422
239160497
240151943
236597246
240094079
237531281
249128242
237410868
238190312
237817110
237038323
236938703
242256422
237566220
235569206
243656893
240027449
235604565
237015482
237882401
238485436
234176446
236712197
243906130
236512735
234999396
236222878
237854468
236272524
237445824
235592902
237908114
235667600
236830311
236609165