Kafka 3, zookeper 3, Datasize = 10MB , consumer threads = 3,  num of messages = 1000, partitions = 3 , replicas = 2, values in nanosecs, first test round after start server.
568074594
537566574
496752486
466437493
468779178
466146514
491523210
491591248
460431344
460834806
458373486
462546927
485325453
484422959
488638343
485120351
493694842
487170497
470479806
468658205
460216189
456290461
460283223
464233699
460136019
465402555
484044439
479466510
458798448
460915924
459223616
460259201
461943918
458418620
460823889
463021141
461639000
465956062
476979738
568955214
491575596
479721077
489074475
487754833
492443462
485074633
672699612
553110836
462895056
476018009
474620409
460922892
460133299
582007346
492274824
455812670
476960637
462770427
461572982
461939153
459885929
458920184
462199192
458706176
463351707
459931353
478540449
474325176
459665974
456471410
459934009
462465883
457173985
463944789
462919556
457127171
459165876
474633407
458529916
457811917
462852203
458984668
459715691
461640689
458086002
461669953
463654770
469741458
476743603
487338689
484277413
483626461
485463758
491545839
485533570
487322324
483037919
484304573
484492862
485684176
486202475
495096985
481179568
483011962
488153585
487789468
491912158
489844466
457799656
459594138
466561800
457002429
460076144
460512536
459382263
460528207
460117705
458941946
461257244
460095971
461284787
458566771
461142296
457061079
456877521
459842218
458687545
464976837
462453991
458387056
457538234
463024926
458142260
456636936
461152153
459099475
457106476
458608211
456821180
462578282
460952120
459236466
458538273
462015344
467456436
461531021
474815344
474935501
458982319
459702084
458638242
459078747
460542071
457072280
462247140
459619999
457121501
458873865
461762253
459346434
460338394
486401777
459060598
456631977
456261447
456489619
459516596
460147675
457609070
461227112
460078215
458066811
460792636
461434090
461545235
459448567
459154464
455366167
461485778
460384972
458295327
462162587
459870509
461361438
458717006
474509140
471405594
458155775
464359840
458247855
458631448
460969021
458548601
458959606
458738086
458174294
460566656
462629176
457512081
458001095
458173082
463136071
459254316
459731927
455148871
459683967
462005121
459277926
462899473
459705062
455334525
457317897
457695685
456561450
456341644
472505914
460419404
455683526
456699168
457860181
466893158
459998493
476733989
480855504
459858504
458693198
459071172
460929576
462956672
458017884
458193015
457173100
458472336
460883627
458738737
465474038
460120255
457184978
457346661
461118197
458693410
460417646
472575370
457899588
461652793
466269139
458310983
458661125
462118684
457686192
458290207
459988908
456558336
460578526
461029649
698357949
614639703
502360574
476802972
493787820
466151116
458628069
463072133
464026787
455319142
457220329
460042353
457757107
464103361
464932901
457131801
460386965
459781571
456360717
459934878
460785202
457354809
489205963
430438298
515701286
434067735
1552602868
551401361
1403543014
530249314
1205725749
571420070
1043681659
549396052
836000162
569847348
556357951
500903143
468264615
461755900
543637918
727311708
513118504
470905269
479494142
459044530
485074932
459524715
460480324
459412710
457332378
455726447
458120442
459931486
459641047
457670715
458283239
1386984457
1547831237
617122136
1851784663
1640417540
604543728
649582611
520660875
500471766
471309218
467591254
461275617
463851328
457330556
463466066
457270379
457091312
458415253
458558977
459884528
459489267
456207668
457949949
461765257
463984262
459816088
459554143
456910667
460144149
458569581
457763549
461013642
462198502
460566404
459159927
456233716
457926075
460037736
463850652
460092708
457799375
464557112
458105436
464582853
464644517
457422332
459847298
459145021
457286442
457518622
458744623
458836188
459898433
460963547
458622133
462987436
461615488
455803636
461207558
463490933
459040063
457894793
464029108
459198918
461713277
461505879
460327255
460868493
459706052
459599465
463340937
459074428
468670634
477023377
459598898
456418117
456913937
458598656
460003252
461153865
462311521
457795063
457979363
460428680
464696232
465568224
461165994
457587680
456655261
459160819
459802852
457054122
460888321
461058274
461079832
462341637
458274368
457766445
458942370
461977298
459283774
468242456
467464351
455745709
457767312
462004163
460581120
460677918
458727078
458465078
459272294
458374530
463199119
462756336
458242755
459963572
457638337
456619367
457946444
461995629
461751816
460869903
460223605
459532945
461846640
459885756
462383804
460925621
477898407
483446622
458339270
458060167
460135744
460747604
458097720
458107423
457298877
456494091
456203761
460464049
462663606
458867448
457681518
460520012
459140639
460471671
460946275
463491968
459095913
459521603
461432229
457449117
456865274
456745165
463734171
464365870
462780637
457353893
459437074
462407146
460296189
461324672
459326949
460279721
458710720
456847543
480603477
474398692
459204993
456717966
458847752
458646224
458531571
463860318
463817673
458171290
459075303
459592396
464057369
458827435
464319756
456131243
459593909
458625441
457187661
459524089
460880388
458338634
458916105
455638267
460070797
459368295
459128959
460624121
462898420
458593736
458626271
459455868
459759238
457596903
462578040
464056854
463894645
458349730
460033266
458227918
458657274
456323674
459121960
461510065
462976322
459928630
458625280
459581313
459657357
462981094
459357055
457769211
460286528
463690016
466041794
460542302
455723040
455823057
459078245
465617290
459916912
462434150
463052134
458928494
459146344
458697717
459177659
459756502
460668834
458300643
458530010
462029051
458688700
461984422
461260893
460664458
458861551
457582124
458723539
459439824
456672789
465187454
461782314
465233267
459291334
462136168
461953820
461574506
463916477
461699371
465269863
461915922
461088143
462107786
461076131
460822856
465551584
463615084
461227705
461537042
461319448
464246304
465942535
460674958
465714509
469005186
461590037
461280090
467870498
462221623
460700660
461765612
461502003
461209955
462679026
462547816
458789334
462738049
461506024
461035847
463700692
460684561
467111997
467360886
476473783
472936849
462622075
461183791
462531506
462681400
460804896
468309426
436057729
407251005
440808815
1264438603
636662476
1080136607
587133770
870946680
620599701
598347227
508728594
506270860
472424126
474668713
429695283
447492301
896370475
1387086756
707894109
534892711
1257384896
634547116
1046617215
541623128
792796959
534613646
746753505
845009554
598584103
874051717
648131434
644937414
555132341
494858999
472942241
467201722
460901039
463959459
462710455
461082455
466353633
461454158
459042634
465443498
462066632
461350648
466187843
461494320
477451217
479420694
463339769
464330733
462303992
462980649
462076758
464234735
462511177
464860049
466434515
463080951
459044180
458973740
460842529
463491982
467481326
462732687
466060910
465917113
461080214
461861578
461132687
459933332
464242249
468669321
461316295
463916886
462745222
462322857
461920941
464198709
466671248
465013429
488940988
466333093
471187502
466399763
460119940
460440940
460029572
462692506
461329535
464475335
463452169
459912879
459130928
464053587
466957259
461529200
469319899
465953591
461728221
462510707
464564467
462561494
465167187
465639944
464108592
462788661
465505722
465732833
457213583
461210126
466578317
462407520
466194492
467494345
462378901
461155072
465982235
462289415
461392088
461399611
463398622
463620490
461552316
461301140
462596557
463673896
459077140
465344769
460631774
463211325
465418671
462218492
458976775
461544611
466271522
459689085
467920159
467260785
465756150
463668259
463731925
466139144
465407078
463308018
461639803
460988399
461536550
459420399
461412256
461933656
460554009
461866557
467126547
457322989
474965482
467294446
469361816
463643031
463053483
459914212
460946941
465640950
461650265
467985417
466190912
464415979
464575444
459783876
468701627
472442385
464132307
461134779
461202772
460943375
460593525
461196519
460822601
461187873
462641432
460984114
457382766
477348752
460368629
475757455
479407576
465978065
459702996
460001516
479924652
460226278
479078927
490381773
461050799
463572735
466639342
461994606
463613004
466943461
460267495
461154678
462093227
460152233
460878402
465865137
458558804
464701894
457587046
459967276
465403325
461569884
462639018
464160666
463627704
460133775
466642078
460291087
473019401
486104918
464736977
461711245
462431500
462632611
460563793
465908129
465385657
466300471
464247449
470515116
467998694
459540651
460111281
459748107
462694007
466867287
460238954
465510610
468281991
464604879
471643774
460588266
459854604
462603716
470712458
458685157
464056425
462982093
465775477
462150767
468356265
466165342
462838849
463066084
460718154
462020201
460882841
460002575
467909167
461223699
464952784
460556307
461422267
460135102
467428142
461678521
463456099
470757425
462017648
470496775
478285143
465716045
459215144
466642936
464185887
460323855
466966172
459021912
478618035
486160753
463633197
458717671
463225335
461262879
459161504
463971889
461427838
484332905
437697339
411189090
434331510
404749895
2492572745
1661081138
2313846592
2122285169
715255366
726801222
570047683
501484279
471313081
506052137
463850781
460195181
471659138
463416602
460212040
470619850
473905258
458714986
456134954
469299682
460340340
464786589
457087029
460418234
470080567
458835195
463315293
460573733
471007989
469066814
462692322
459587242
460986431
464393907
437042078
441239956
1529997742
1569856878
1373332156
788720241
1455826832
1179835826
1224933657
774399486
586912839
776460593
586397162
515371948
487481971
465621573
657761028
610830414
493361254
479746279
482350863
460926654
463649648
461619844
463891064
469704293
461800458
461718982
460219192
461593788
493155241
464281974
486210434
503933995
465522229
461073646
458841658
478410289
481897396
459779243
465553337
462116391
460178972
468712818
462289742
489837353
488947734
462756905
460447844
463183848
462596078
458654063
488561613
461978224
460454600
468434236
466165866
464830929
466043836
465906788
464383382
462539549
443394770