Kafka 3, zookeper 3, Datasize = 10MB , consumer threads = 3,  num of messages = 1000, partitions = 3 , replicas = 2, values in nanosecs, thrid test round after start server.
531405601
511617954
488487665
465638800
469650189
459184084
476758288
478073958
462064426
461749978
463389357
462177963
471508367
485981455
492784795
492086870
485700618
478148440
460088598
459986873
459820885
463533624
463051526
460145220
466803961
459084883
469171392
469909657
458849760
461003759
461937677
465354486
460383986
458205901
460624525
461746064
463725805
476949384
481447967
483307119
487758278
493997078
495352550
484493140
491671693
485699665
486450503
469431387
460658820
466538072
458440191
460224256
457861890
457953586
459575152
460427610
460014601
461002371
460567365
461033653
461860228
458712545
457867036
460240749
463843349
467212050
477572494
475912003
458478374
462670061
459922371
459410957
458926369
460429167
460183577
462080738
459859910
457802191
459500584
455848526
459232889
460459055
457881909
459358512
461409734
458607811
457815313
463433394
471682260
485032753
482016975
487562017
499973889
487754695
480260363
486851629
484406998
484334449
487276297
486888643
492249740
488196970
479837509
482173937
492825872
485570878
506215457
493682939
460818380
458084347
458739823
460389280
457383540
460258584
461640593
459585749
458451669
460479077
468413934
464540343
460989281
460116990
461651696
461491875
460691154
459676153
464798253
466524340
458604539
459065958
459041619
460083883
461871469
457908116
456466569
457293571
457570056
456831089
459001772
459087244
457851172
460034113
457758232
462255812
459123774
464462884
469574742
460118796
460077636
458077592
461911320
461663092
458180367
459343037
459994072
460892745
460772903
458565128
458903988
461611077
458171200
460213421
460199793
458279834
458713991
458803058
460384768
459574108
458975469
460071530
457940118
458303163
470206423
472065066
461822293
465980735
458044631
463511746
463646993
457816528
463824235
459923556
462654672
465232995
457586890
462713239
460862898
459638612
459031015
460521831
461208692
464938694
460902074
458239201
457376361
458962492
456853550
461444076
461004298
460308139
465995434
460697131
465518029
458418742
461101192
460018416
457844284
461368946
458800708
457345127
459674144
456788621
457939911
467198220
457556624
461671853
458382044
463922451
462437867
462647228
458948142
458289640
641206629
652961479
527251136
473321420
476810558
478021882
462367124
461664833
456616312
460256232
461346088
458566687
460679751
460424974
461907031
460489730
459576805
459095253
461914769
460024111
456486927
459432215
458715107
458895472
460244760
458762575
459504068
465191110
458871124
469624915
467698820
460738376
464335385
462278469
459696315
459239809
466170163
459066456
458734396
461465915
458856356
458265519
460560247
458920410
460579481
462407021
455941258
460428933
461035967
455928389
457741417
460342587
456398539
459056880
467702675
455852888
464205574
461615327
461687890
470475382
461458297
470031551
467957152
465949790
459526005
457430457
458234869
456867635
457918725
461150808
456480768
457825532
463162164
458996492
458246063
461454957
456138861
457799967
460472509
456780803
457038964
461428492
458297457
462570351
460479847
459868442
465317352
461639067
461933284
459650407
466148139
460204911
464486027
467802835
459871045
458085385
459992306
459174238
458169366
461222252
458761054
458416784
460644214
458468544
458724900
460825814
458254256
458197269
458925300
458641176
462434782
460483294
461408883
465715978
463199895
460250789
458676349
461834680
460318499
458860056
466642924
458912582
463739329
467608646
458253333
457459254
459881366
459059172
458021248
464041830
457791982
459159128
460815256
460384194
460596854
459906724
457300163
468016625
458527841
465460767
489502891
462651973
461855527
457132428
461706097
460178866
460048060
460349479
463370955
458902897
468810258
466083238
459376384
462980026
459886354
456821004
458752584
459708388
459470681
456633657
459789150
460307137
462195669
458231749
463031995
458933496
461509247
472709624
459254274
459355023
457353844
461029349
461758350
458488881
459973180
459831531
461069761
461339339
457559629
457852866
460259238
456100671
455944426
457146295
456128817
457377137
459746155
459482539
457656345
460230409
462466460
462299427
459892021
459470266
471358290
458987634
458803336
459077017
459334494
459944637
458318644
457060481
457961731
457297578
461272840
459885504
456941754
459279458
463487033
458558724
457517529
456816036
458055683
457988128
457188316
458658020
459667788
461998374
461232090
458893178
459484493
473353820
459320534
458718518
458713123
482910593
459041854
457922882
462710963
462939634
461747066
460180722
455287918
458303688
491277802
433317215
413847544
429974686
400485217
2277639708
2075086810
1534573762
639324786
1964005286
597392272
760139532
597825439
502457697
500242619
479951635
462531737
462013516
458976657
461421443
460213829
460919604
458168421
457827562
459170021
460359272
491138407
428198195
507875524
432941197
511248161
438032563
510932083
438865380
532231402
2450217797
503099779
2257327297
471512724
1219421275
589429195
2710055510
997319884
2506205916
789551517
2345701119
661200607
654237683
2154487068
591418269
1985333973
592589387
1782262817
614068211
1618415461
595780317
1399780045
512485310
442453370
1578461192
954020639
1391439398
829422332
636902095
1225454095
652784666
1013174488
602809912
812192179
614055002
578492721
509448414
485953224
464943709
458039194
460433037
455151378
456411842
458985683
455402467
462548714
457263554
455108885
464239075
461090090
467184001
469056075
460164478
457165291
457764980
458860866
459758145
455903248
463061480
454808988
464866620
464254249
462752808
458071526
460931409
459089166
455777418
459407921
461885588
457303157
468770881
468637589
456658628
459524162
458385304
455993659
459804471
460128187
459320935
457706772
455286970
460606139
459838882
482200744
458926904
458357654
455244591
456790492
461447473
461984336
457650497
460806286
458759443
458633398
460288118
457623254
458171900
460799496
461598602
458026443
461001113
458464886
457455436
459903048
457757025
457119964
457512100
457075374
458772048
465086884
460083918
458838664
461167975
458498674
460229341
461892789
462570253
457382568
460434464
459074521
460265751
461319295
461423627
460284329
459537320
458397587
458773222
462620143
455021550
458239506
463240227
460025916
459994042
460882262
459813567
457458308
461554712
465638197
458568185
463364066
458178821
463016067
469876725
461271629
461267426
466282580
459194388
457650001
460681017
457250810
458720269
461899686
457741356
458037921
461009705
457483089
456693720
461749384
459605247
458263180
457989076
459272721
455723128
459566871
461454482
458814274
463584097
456883713
461693967
463987679
469552661
459248074
461568739
459761807
457725871
461672867
456822376
457608180
464553906
464546397
456490441
463105541
457135569
455821301
459394395
458821076
460651208
460287708
460372974
458675597
463389304
464178606
464048861
515850904
459330468
480378499
518052366
514370085
460553341
464246455
469516017
461643287
468117294
458872664
460173432
464197821
459491908
461029165
462961893
456234874
456649875
459315750
457322905
459048285
461521787
456643412
457719002
459287314
464138365
466482505
464132331
465614735
470297237
463455161
462013979
458567626
460893502
464990354
458955245
460337684
458496349
459827737
461633164
459768400
459053974
462245578
455975822
456925476
459561697
459555039
456443072
463290673
458163185
457517173
458319869
460011585
463945534
462742701
458474880
464213919
481574461
462459319
456647455
460824286
460230206
458211382
462613975
459528776
458849187
467577002
456479886
461390201
457921121
457991699
458695581
462344804
460993263
457325461
456845789
457817122
457727341
462802690
465855137
462090123
462770478
456633584
460249827
460500570
462587643
457483712
459505042
461032868
458508994
460430980
457802401
458185211
554381435
473747191
454652587
485582386
472346914
457996290
458890602
456900406
463314646
459008422
466247963
466804063
459424750
461478219
457989346
461017911
458586061
459103442
461974044
459705349
459419797
465996657
467407304
487317095
504062844
444125042
467052523
465137383
458787724
459254555
462372751
458674424
479576480
502005373
442497888
1169093373
1104714268
865893224
1343307216
2086431569
644081119
1095034902
1888806367
820609937
1761628131
686390098
662475850
1514295239
579793887
1250429209
621343699
941509527
661882095
680168553
649358501
531770109
474416615
492643805
465613157
462150830
459117088
463216040
464795882
466938250
459217633
458341659
460940443
463196349
462342476
459615248
468134386
468460239
463471629
460330611
457193485
460153508
464473088
464051828
458557740
465646975
470962456
463450750
457847399
457110768
460064184
458043660
464234451
460513322
469485367
469922790
460542619
456660896
458940814
459514983
465730664
459080593
467805662
461093202
460817041
465677926
464076224
459293610
461614578
459228050
457555080
459971592
455765248
458572707
459425758
456518897
459064693
460473529
467422809
463807918
460999693
454067120
455145787
458319222
460239182
457728955
471188169
472687272
456212624
461540171
461483529
461242904
465123560
463417204
463641923
463113866
458496893
458562784
460917658
459441003
458012337
468738989
460570588
455729296
458993641
456723231
456226926
460875641
461437085
459058015
458540104
454969656
462846872
459911420
460204182
459139966
460786189
455726611
459179066
463742284
458017895
466117669
468665994
458214743
457783605
459365691
454781239
457412962
460612045
461390429
457802203
459616181
457918566
458185881
463258596
462000288
456811494
458878919
460127947
458083981
469148326
473148906
457761174
459723822
455776604
459009706
471214411
465384230
457278250
457826331
454753861
456489313
463286463
459886501
458021360
466175539
458200709
470536380
468918264
456886314
459153857
458962585
457651605
463641070
464360571
455943854
463066778
459704479
467331296
465046832
463167953
455144554
460702644
493910649
475351425
468803172
460453148
454934426
456879810
469572007
466282251
458838556
461491490
454961059
464014370
465470241
454225977
439105487