Kafka 3, zookeper 3, Datasize = 8MB , consumer threads = 3,  num of messages = 1000, partitions = 3 , replicas = 2, values in nanosecs, third test round after start server.
381651743
305572154
294981131
296265572
301022229
278929610
279108892
289152617
274804138
290463270
288696491
275112534
275682223
283836460
286721446
276419557
279883856
276176989
275968161
291780027
276623765
274968849
286820610
277115294
275579440
283431042
281262594
275908943
288112131
280689056
275513416
295894888
281516242
281402231
292472274
277184558
275700778
283390813
282968183
279323404
286946861
277226217
277685748
280110019
275782625
274649983
289715815
277182245
276873800
282806764
277257019
281470522
283952425
275083786
281702268
289934490
285756594
284240494
295928395
275894920
279788818
280860394
276758398
273331883
279878605
274482227
275270408
281175966
276479538
284363728
285652529
276463218
277217844
281752259
276427973
275663180
282642404
277644831
275800478
279573731
274348037
274530228
282599952
274353659
275264706
279786939
274209868
273134379
280738373
274969699
274552908
280247105
281112667
273513886
288375129
279676522
273976976
281287942
274079658
272656913
280957571
275777672
274723446
288036634
280488575
290488138
283432413
277858204
274979446
279810068
274919260
274667439
282997645
274788887
278972439
281489684
280772476
275049702
286531348
273941287
272992117
281662385
281691199
274924673
287431531
274276493
291823087
280135889
281864055
272993326
279958503
276128872
275397970
295377097
281900101
273547685
294773663
279113784
277828656
283546819
276250583
274923704
281821738
277128230
287586123
282655778
292815985
274964419
282440622
274930795
273379241
279815394
277042604
275026242
280893451
282564465
274196199
281172046
281003301
275725890
285892171
280187816
272432833
280193785
275356485
275060041
281503028
275714355
274976386
285646157
278739147
282510189
281760855
292134294
273646643
280304295
275645153
273640825
280884193
276581489
273983912
282424770
274950775
271241206
286318166
274423579
285655445
278975213
274038216
274512933
282843623
274834386
274470578
283940170
279017807
274132707
283792070
274377235
281653805
285277779
276476932
275217789
303846813
297225792
301902876
300831390
276026266
273457454
281223293
277240097
275190123
281146017
275041398
274805912
281432963
274411919
273358913
281571836
274267076
281413091
287191137
273418851
292203424
281732693
272758840
274683339
279980011
299406489
272892528
282580560
276459719
274633129
280787550
274524587
273282866
283816861
279284347
276748680
281545116
282139244
276402435
281158988
276157941
273416744
282968419
275746418
271969725
279507917
277198861
275037095
290947291
276833575
276333125
280340549
277029324
281253829
281641087
275960544
272108320
279731952
347033402
291161673
295160640
275143600
274096728
288772755
282226516
275086480
283402018
278648255
275583056
284264614
276851936
274100682
279683911
278848837
273490061
279094950
273963717
312369098
298396936
276827282
278785124
280798426
279742371
273467124
281002718
274516717
274238625
280664915
273949594
275549450
280606624
276003489
269763072
280351997
274123010
272405182
280167140
397025054
310307724
289812736
278504032
279464750
360430188
289198333
277343647
281773883
275065341
275258867
280908298
279581046
306716655
295242855
309443225
272471886
288264272
276441196
276770838
281029477
279405733
275391110
283999039
274564282
274696554
282193486
286429671
279114995
286582463
274427392
274005808
278630784
344355589
290111220
292010784
276867610
289786918
282168260
282659046
271164278
281845506
272756674
279366258
274817163
274440931
1024547488
764684706
357269931
564150205
310395112
311680468
1857944838
281831621
1681767227
349062850
1470079185
298369203
1318010565
341914902
1098396685
280910775
946811682
359251313
708658260
377122642
505958132
318826933
335086150
276469179
281764447
282602555
276329827
276416485
283244642
281195750
275829078
283146540
274917084
274852306
281630761
275891436
273562718
282479731
275201292
274338380
279440595
278998479
275210810
280832562
274625442
275406340
284353476
277924096
279493713
281252610
274054582
273814607
281812804
274263275
284486948
297010089
275594814
275933507
280852364
274433401
274489353
278575366
274864818
274278645
283479364
274384401
275191074
282561156
274708014
275077377
282176974
280986926
281515932
284349600
276160689
273662985
280313467
274515222
281648884
281414803
277680896
275006914
290351911
272890859
277913775
284006157
273941892
278240464
286672167
279042404
275912331
280501046
273169478
280130696
282493021
275781143
273993586
281037531
273793782
275714160
287936685
275221538
275881960
281617451
274595595
279788402
283120852
274421956
275002191
279246493
275086206
274752081
282016280
277148288
272856870
280578035
274131801
275542763
283918420
284835564
280163980
290324499
276532285
274659029
286265618
276524332
277455955
281769033
280403882
272951146
279348131
271901146
273964191
279200587
274115623
279029556
280505023
279050346
275109021
280028105
274822706
281098135
280441148
276363646
272344485
287891744
276871827
275167401
292876790
275007026
273627096
284648071
275141297
278193193
289127543
274812404
274774556
289121911
273127007
278608800
277876847
277900923
279363822
287331864
274153247
281969344
283345532
276852814
274900886
281797385
275114898
280167571
290477186
275272161
278889036
281391232
278190112
274668628
285714146
277614920
279022626
282966017
275278822
286490132
285418194
277940027
278600329
293905366
274901774
278915243
281018475
275178485
273635760
279343542
275564251
277586089
280881944
278117169
275182673
283571911
280533218
274781892
291437290
275280195
274132047
282260428
278078841
274267457
303825196
274851068
274381495
282692734
280261313
275539308
281498990
274492381
274607639
329407811
280794947
279397685
291561718
275133534
289816669
281251535
281772188
275023925
283843458
275866512
275511093
283632469
273813071
273261237
282209361
274655198
272782762
280937581
273613662
275807648
288237665
279353464
408511001
348970136
286529540
276916214
280907867
281810300
275313180
292491137
273729889
274465350
285806912
273024483
276588981
290112879
278475084
274580177
286398898
274927144
273164850
279815041
274078143
277366113
280961361
274335944
277209292
280853960
281194342
275004368
288296941
274680671
272784946
278660943
301438766
276600552
283395319
274971487
276525607
282890317
278159965
276875742
280185362
282286421
274743385
289418032
451275288
339492258
317216824
286933102
273437872
277683167
275322668
273980019
280085397
277122899
282400955
282044379
368687689
293813594
291114103
273296611
274764309
282100626
305230930
403597553
343013814
282851018
278193378
334866027
477509898
299522121
310042486
275911441
272439770
278417949
272601002
272237699
285740402
273136793
275761180
291328738
272276650
269561143
282294364
272556879
277905209
284489453
273099142
273477725
279588010
275527634
273905687
284968224
274999786
274690152
278331055
275275299
275885747
285010091
275153783
275444198
281426332
274674740
275698728
281762009
281067310
274630931
281590329
274064353
277026472
286774379
277767657
276521598
284425271
274062725
277987068
287126407
282823286
275930625
278834038
273392055
275351996
280988041
279569624
276794797
279995957
275338069
280076061
283150090
273494122
275585136
282128543
277406891
273726594
283180180
274188581
274250278
282720862
283260768
278312348
282848742
273783136
278887935
283382348
271041623
280744470
284963003
273494676
277925636
283628659
643971320
474084556
423627245
335189270
290935467
290590032
272439208
274347389
394463986
677458122
502764490
390261887
658578734
352585904
382829929
301831684
275904328
282590672
270836754
280231802
280065996
277920952
276348912
281928026
279587886
274603569
288123654
274125198
287196808
288504973
274147843
279630342
280786511
287650473
275403868
281495441
281052564
274522415
286526751
281028769
275021286
279771596
273770146
285070788
280530173
275254533
274094308
281391422
280681406
275005036
292543294
275029305
273679899
294524017
280630976
273924579
282180040
274554639
274811586
288112520
274178840
278262389
287156036
275175440
285243961
283034757
276459486
274980096
282017681
275689703
276136165
288770071
287824437
275349485
281973787
275095420
274677220
280336921
274004400
276127291
289025882
283989987
280687926
279059571
273786204
274864929
279252704
277753813
273862487
281563856
273813195
284902070
280336706
273361632
277516262
289222191
274289142
274432391
278909865
274878491
278962969
278411594
275459913
273630372
279608266
274744176
276190979
283108266
275262638
273683139
278895184
275220637
275314313
279386606
273843947
277264390
280711364
278302338
275870758
278974160
278600080
273639087
280836134
277739207
275780698
286756747
275613971
278607401
290483616
275370462
272941583
281530143
276132617
280654230
282564912
275651292
273428334
278385318
274893559
272941017
279041330
276025503
273305587
277816669
274749403
274379924
282855213
274158876
277646105
279404371
274439372
273127631
286966875
279102437
274696771
281004384
276641937
276272106
285960571
274781859
278419837
287381130
275667668
283162270
281199299
274634015
274885095
282091024
277520493
276239602
282995650
274145531
275524804
280253931
279108658
275625061
281234512
277419376
273870770
279642850
274590791
276256306
281714030
281212665
274600719
281045502
276177598
274922280
281935648
275552007
279723405
284942872
274883248
279409139
282807742
274023229
278074430
281146005
275501508
274952226
279879220
274854693
278538493
280210180
275966396
274993029
281264708
274357120
278345644
281927866
274657575
274163844
279516374
273637257
277108415
281408200
275154205
276617889
279998462
280922357
274541898
281447339
273403859
277984135
286209913
278437022
277888371
289922677
275757910
278194927
287705273
276161023
275141512
281450672
275239942
274803612
280003933
274028955
275859967
280458129
274998832
273265762
282271259
281111204
274676623
281115579
272766422
275029018
281956913
273721918
276791393
282039624
283672134
279882643
280612641
281071557
273519959
282061095
276852725
276233033
297764014
276954067
273312613
278518984
272000070
271791560