Kafka 3, zookeper 3, Datasize = 8MB , consumer threads = 3,  num of messages = 1000, partitions = 3 , replicas = 2, values in nanosecs, first test round after start server.
410125427
329289078
305320316
308466202
298175830
285965960
284975313
296783173
282985230
305704901
290838298
283150850
281329577
285182768
282183132
278854304
289568103
294490262
290536423
296008877
297472216
293955389
296571473
290052452
275958059
281596616
283150321
276499716
290904357
282908865
276159653
280995209
272975989
284151357
285104632
275107808
283316911
285222400
284216304
275742159
283003976
278121178
278505450
284249821
277778803
275569276
285174405
291711156
278739711
288190777
278110705
276872955
283341969
286679824
276611439
281664451
280001369
279272092
283155118
298249893
276134145
283272856
276985452
280610823
286499698
276233326
281013631
285101617
277437157
281473576
282899556
283993727
278853255
282598719
276620100
276730304
282910121
281355807
275995102
283276682
279651579
275438917
288643932
276794710
278185057
283212805
275948500
276035225
282939733
275100677
274760391
286836436
280754412
283480618
282294691
276380049
276038772
285066008
275467466
279243641
288523645
275271744
275494172
282490812
286550010
277314232
282657449
276684121
274397309
282452928
278867105
276633873
287268165
275684337
286124025
283971747
277080001
276943471
281804191
275743947
276194764
282995742
275783809
274361350
288235474
280027477
274186307
281568849
273658605
276517712
286831537
274064318
279993437
283931999
287695284
282645000
283073704
275908985
280854057
283035630
275197764
277588340
283641991
284346556
278212385
284404689
274974436
275416056
281987814
273489436
273827099
287566555
276726842
274066902
283537874
274649378
275929049
281626189
278826567
281590425
282870808
286785367
276153557
316126805
309266667
275759960
281390255
273955398
283786989
282091598
290125217
278445754
283243211
273980841
276126552
280694155
278318073
276664526
291871827
276442488
275243178
280906302
274714025
275758780
282036968
277386500
275274727
281282191
275774999
274689604
281844135
281107219
273023435
283394248
275657364
273794649
283776078
278119493
276207278
282651248
283825338
307541533
307891212
274663040
276960238
281574614
274204005
277146749
281098222
275978046
274386045
286882295
276208736
290307489
284359171
275766410
276231180
280682183
277156941
276001122
281729620
275333928
275298454
282282204
305203485
275030586
285860064
277941055
297479059
283186967
279147779
275887989
281858641
276000268
278379141
284453723
275067848
275183324
283782342
274807013
275279563
282803526
277417621
281002982
293364449
285224118
282226323
282560179
276214539
275123252
282466535
276520973
275284779
283656335
276660108
390954109
305124899
284597542
277008698
282229640
277043016
274666188
283195467
288603618
276848119
281648793
277960950
279471400
285848999
275199042
274188839
280962286
274838132
275346711
281218982
275822495
291054479
285080314
274576440
275075554
282116006
276404651
275519868
282061279
278701024
276413510
283436566
277077110
275511337
283555844
279433182
754696934
983578867
487549131
642161603
775872153
460587970
309385066
273677857
280401300
271437183
274499227
1597535023
296512839
1417218433
1187655657
362924571
1036375494
794048242
575888749
343788963
306808450
271706012
274478177
272445349
272958081
2579970121
278175895
2441440634
344725475
2228533458
280310500
2070510695
349140442
1846938580
283709370
1706731055
350888454
1481671562
286093043
1329652197
353022144
1105727147
288140030
957280543
374152287
711962958
342492791
495420535
314185949
304503835
273151042
273566532
279196578
275993738
273412327
280629359
278530002
281829253
283998921
275761075
275787229
281585559
275983051
277895017
280260852
279461458
281457465
283511563
275040484
274472317
282455707
278270450
274021809
282131094
279898095
286476731
289595625
275586977
274951300
280667477
273403555
275300762
281519445
276970546
275808437
282092305
275715770
280772686
284061670
285441598
276311841
282973146
283869321
276080661
280726035
275409855
274007994
283652706
279231962
279942573
285584737
285395593
274558471
282592897
276393522
274087280
278507375
275584910
279977978
285099562
275974831
276332703
281748717
276545840
273718172
284298280
276949305
275563810
599128012
326064834
695034780
654841233
569576032
454656532
383656243
356266873
292851419
282945457
274243423
275392904
283523001
277370071
273154213
280892144
275019949
274095850
283368038
276594889
274327710
279829391
272919180
280342099
281822616
274141147
275768355
280930219
274717153
277555106
287664686
275746457
274727057
281399679
275378148
274899295
283417065
275017419
277002471
279588352
278631864
275811491
280342200
275097000
275505687
288721560
279525869
274109086
285614432
276747302
280454583
285010476
279009811
276400436
282000835
275431385
278290568
281565622
279516977
275920409
286593254
276574285
275355008
280684094
274502864
275552541
282906517
280858951
276036423
287258864
275940449
273477349
281273928
275330064
275404015
282324354
275703512
274301304
280865514
277047813
273300330
280982485
276295669
274513265
282736570
279402130
274110577
279652809
275455546
280321402
281087367
276535781
275502779
280953640
284552176
273938853
284401426
275144439
275130088
283013880
276599996
275738630
281620996
280157580
273458797
286367508
276519413
281835263
283930458
274467368
274859920
285080017
279086421
279196858
282209096
274939369
272802532
282801918
278945743
273355440
281333592
281137722
276890245
279594116
277458190
275051539
280115936
277109913
274094672
287162647
277824971
274620612
281737416
275955855
275248136
281648957
274824023
278256732
282852919
275235075
274713267
280947456
280770189
275664986
285910666
279078026
274535135
282331745
277188133
279821526
282930970
284666335
273364572
279203021
276026420
279340155
281561315
275481102
280107918
283351128
276465172
280080720
284480549
276616446
275253886
284655723
274978990
275724369
282035503
280054600
273598560
285949460
283612879
274904083
282293694
275514480
275838065
281789874
281746894
274340644
282292777
275709248
277998162
290250055
282195327
272710152
280946777
276281747
281301351
283538900
275521071
274131398
282311094
275147598
275539345
283429903
275535516
273874656
281704764
275035661
276610272
283285682
279086104
274179276
281266323
276483697
278063005
279042949
283564852
275443205
282983788
277781069
277628524
281114755
279462553
274814645
282792249
276987053
275237145
285348687
276716354
277491342
281740318
277845599
274944098
285584049
275055250
273341573
282767373
276514746
280680844
282874012
275307065
278683633
282036583
279936194
274900615
281423090
277217384
274899032
286112979
274461749
274785003
284502827
278093021
272665086
278633617
279383014
275071403
291119998
278942342
273260685
278709565
275924806
280068298
280594742
275298923
279204411
288768508
275988550
274126563
280555518
276455355
275055638
280967064
274371257
281480810
288690865
275714896
276737341
280759072
281847588
275084475
282136308
275502770
287924704
284916951
276620027
273500360
283213204
272060461
278283645
282225613
272607831
283054332
276938814
277658185
345250976
1343709091
401848538
1102192745
858469537
461379574
405686480
669592550
360815210
313737585
294234723
272210863
280983718
282053685
279093116
274572011
277758489
273495529
274658662
285869270
274593503
272917209
281307156
277243290
275480396
281663210
278870092
276883791
283322463
285702219
275573269
281124550
274922087
277707340
285310361
275252294
277899526
281428067
290671614
282086914
283720233
275490294
275291019
287000147
276638113
275261087
281418923
276964888
290643097
282954312
275115351
275886667
284696673
276085488
294085402
279769932
274951973
272265507
282606079
274208503
276973152
283311273
278067978
275866548
279338757
277209929
280992473
283080488
292999245
277606902
282345330
274310406
275462513
282022468
275889642
286177955
286189637
274907730
275102423
283360328
276314380
276034963
281740413
280423635
301666399
287946685
276748868
274423116
285363435
277570045
275037133
286075365
314335798
284837323
285597095
275678844
274785650
278971005
274362406
467916859
300301419
567580274
372832694
315588675
302309104
274639180
279396744
276320502
276044311
283682771
276977124
277186222
284737809
281521834
275529398
295239060
276998282
274494243
282095564
273281532
274855453
281574281
277599478
275701628
282759244
276967379
277508645
290285290
292802570
276191738
280752190
277061366
278530436
282128899
276170891
275610946
282928316
276851890
275152685
280140033
278404811
291205856
282947930
275671178
277354114
282664727
273874505
275512651
283141767
277080755
275694825
282832578
277241181
274341826
282436788
291276668
284713314
280919570
274307904
274303045
286911414
278891009
274853585
277365775
274579301
277611735
287849030
276420564
277385448
280382036
276343353
276417506
281156245
276731806
273687479
280396862
276068409
283376997
284690642
276770815
275010002
282992821
277889843
278101876
281889257
274834447
279629958
281160474
275956845
275125985
282867785
275154377
276761066
283334467
278067621
273567247
279858507
276225346
283247487
280806936
281281736
274395215
282294493
275866181
275298970
281386641
276963383
274730560
281239114
275723410
275885239
280217882
278524981
275941135
280215594
273323897
275453149
280673206
273949519
275963805
281910318
279536435
275301954
281789592
276227480
276793238
283946701
275802669
275019245
280514473
275623987
277792023
281355990
275456159
276952495
282084077
275066835
287498085
284599613
282840286
276122657
280868567
274338353
275053827
280675904
275178339
276189930
280747523
274005055
276473831
280312016
283371535
274461792
280164510
277879924
274311820
281015170
275845731
276222391
284155053
277309882
276479581
281140897
280620449
279010047
280671512
274065448
276934652
280498207
275051205
276599282
289303264
273251850
274305475
279556327
279164646
274281215
282227231
273993218
275070231
281319510
273858316
282377492
283664300
277519668
276385005
284810622
279570625
273923929
280748746
274038061
276133005
284759283
279273879
276007052
281364708
275908873
277302739
280885390
274141540
275225569
279752711
274619959
274510463