Kafka 3, zookeper 3, Datasize = 8MB , consumer threads = 3,  num of messages = 1000, partitions = 3 , replicas = 2, values in nanosecs, second test round after start server.
387322405
305854027
296774600
297314711
291669056
278432088
276025713
290194339
284265000
287462342
286200476
275464087
278282172
283294356
281766298
276941867
298444781
276123407
279485639
281124300
281330373
275556576
297325802
278957796
273952126
280486833
275560436
276328757
280899246
277905342
280145045
294159743
284225318
288111224
288895425
273696186
275493917
282656193
276581633
274510272
281804054
282143990
274277658
278484116
276165279
280200736
283152568
290472323
273800805
283533471
273862873
278555903
280847994
275250568
283080082
283879555
275674006
274576904
281162824
277031408
283041426
284627889
283898323
291975372
292112224
284948478
284011708
289435801
284843714
281945061
294763790
283936932
289824729
283138726
284358472
273350379
280113549
274269694
274793411
282077316
275029907
274109535
282789817
273538003
280064331
278780071
274336238
273738752
281455165
274217297
273727428
279922205
274721209
274708714
281976838
273429244
286667194
283144115
275427660
273384265
278378541
274162617
271928415
279852832
275979571
274838846
279005122
277921240
269504397
277261070
272799804
272940371
278270863
273843474
273560966
281864941
273052352
277054448
278990608
282834658
273477563
280331271
274959678
274520723
280590803
275884804
275401346
281479829
274640970
279711057
284163737
275453061
274147227
280448507
273989135
274748466
280511365
277598164
276897735
286065075
284101580
276439476
281667105
280010782
273161709
280600408
275355391
273957637
284230471
272875772
280149727
279054304
274572249
274386652
280157164
273816025
273700842
277366393
273882517
275666343
282002758
278856006
273112289
290908001
275339836
273928866
280255819
275215989
288813877
281216557
273200279
273660246
292524967
280364338
277279518
279898482
274229879
271949392
277746516
274047170
273748586
283764789
271837355
277251087
283057971
274281066
274994748
278425253
274559350
273506606
278894260
309122957
275488097
326605160
275075588
274247692
279484983
275449667
273073133
280922957
274120657
274231956
281720970
274013935
281800631
279791534
347192169
287463171
283661888
273508183
272241210
279312565
273429773
273659745
344899107
289135135
422620265
332783581
276278716
283239199
280387617
279066462
271448997
285766950
277375860
274141123
281762849
274704815
274352408
284148854
272855233
273387556
280293490
275006282
272985866
278811091
274602757
273151193
281782569
278281129
279363109
280077983
273537919
281048425
281191905
274012636
273170540
281418361
273167830
278201755
284052630
274636374
276626197
281097023
277241970
274709378
279065120
279723236
274155727
285838390
276446156
276432496
280027165
274893192
276199068
289627778
273152696
274044013
282139949
274321112
272971412
279783050
280481462
271636238
279291933
273403564
279975141
281281693
270627097
273128099
282667741
272774354
275776579
277563935
271990129
272993687
280509418
273176130
273500351
280118800
274668420
277866474
280032514
278269018
274163103
280469248
275580973
274228275
282842337
274011277
274900755
278605146
273462432
274327036
280894074
278025765
273673957
278318359
275005186
275558308
281003045
275121835
273415413
284539908
272790993
277769751
282617628
274194418
275368360
281381730
274136111
274739307
283726334
273933211
280478616
281637645
273010933
273986107
280424097
274732641
272778509
287410035
272556074
273730040
281398136
274926557
275308285
285945345
277798014
285631096
280601848
276591783
274031293
279883279
274435592
280367224
284902280
272304873
277130184
280773267
275167663
277216764
279957315
278007899
280425711
284727661
274356328
274267697
282142724
274161610
275291202
281197781
273062299
283787493
284137040
277944352
274811803
284779812
272539894
274173491
280592965
276411422
280491795
283068391
274907013
273534559
282182954
273256286
275241520
282756157
277252884
293542367
284037580
273594466
274990606
282510654
273257515
274934872
279795595
274306577
281060710
285652687
274289528
279228436
283770575
273414516
273715314
280349848
273414132
273958287
280313052
272117589
273597138
283490028
276683388
279037879
279975554
272227465
273564640
279058947
273116786
274402985
283866380
273531545
277409819
282206811
276187846
278938305
283541674
273301230
273683631
279886626
273854693
273813589
282265485
274982955
274794539
283892201
274371881
281303411
283663675
274625627
273921568
281233163
273903110
272591562
279351127
276597078
275448828
280562953
282397774
273279100
277728379
270515534
271292641
283219791
272972668
276851746
282064787
276825180
273053304
283608235
274958554
273341497
277172713
274513121
273843417
279307903
272918189
274052609
278409589
276197282
272897249
277454826
277499483
273453073
280701755
273596332
272276428
278948397
277744172
273082971
277832430
272681577
273163417
281408889
273509214
273690587
281624835
275263488
276164363
284695475
275164035
273438969
281130015
276334821
277344885
281196388
274197655
273117386
282441569
282198572
275224868
280524121
272271464
274453336
281057306
278931047
277593031
279551641
284378741
274592970
281853132
277971933
275697719
281359706
274721792
279878252
280799298
283662392
275024147
283878148
272392391
278798700
282880541
273435236
276789350
279796149
279692278
381514774
304099372
276117711
275817549
278502727
275282575
275064786
283772418
275438679
272359984
281037995
274764706
274932085
279920403
293779110
273203778
282777228
278731560
272979991
281823298
275566601
275056461
282597666
274380195
278076432
283409799
273075721
277731697
286575506
275385377
271960396
279974719
274229531
272691296
279337177
274160106
273591526
283944482
273957925
282678557
278333068
274539253
279067372
285465832
278321141
272749512
284100545
276743036
273896843
281732484
276696772
273190727
274966877
270835416
796559218
343389566
600608863
367514454
333305689
279428654
275346047
279504664
274842952
279605839
281218689
275381328
273736589
283783763
275686730
275164714
282234195
273542401
276577334
281481447
282901559
274406877
280860340
273706941
275083699
280963528
279154809
275456153
281293165
277336760
274441207
282491088
274431526
276363433
281123546
275188516
274872176
283384919
272206184
282800816
281246177
274463076
273678430
280846282
275240945
278429601
282805411
274188312
274136621
280384922
275352005
276168269
283166560
273438093
273319476
281104412
274327682
273912193
281197880
272546179
277057167
281121998
281006662
272903189
280393895
276831750
274181386
286655396
275063384
274800955
284666427
274737291
276534419
283610513
274373216
273664158
280596189
274816691
278822472
282353267
274130464
275517665
282718629
284132924
274292334
279972930
275108116
272558632
281765678
275840052
274634137
281857696
274116612
273139141
285367677
282205478
272157496
290601937
276203396
274208183
281555697
274550920
275170101
283808972
278930641
281426269
290159525
274927301
274312643
280468786
274528241
272698479
278579133
272304057
271689561
282347780
274854430
277398066
281707295
273842929
276856589
278890561
276873735
274048684
279276638
275434362
272674638
284919012
277803051
272479806
280512992
274432826
280414561
282451605
274611391
274496321
283536331
275193089
277097793
280149988
273758875
275130485
281275869
274389244
284956002
279655606
287742689
275605178
281506271
274989647
274466137
294970470
276651026
274397224
282071065
275014853
273666180
281289548
274623134
274126003
281166603
277443198
290333908
283449971
274891259
280979080
282599903
274380709
276306965
288683263
273930308
278445543
280550252
272892098
275450966
282396306
274086227
274208474
280570497
282335049
274327545
280510116
276376415
279174715
289827404
276750806
272690934
279896914
280913261
273706521
280580409
276123185
292244982
282006238
277928378
272346398
279323361
273948019
273281444
290678135
282870693
282832487
290827816
275375709
277820749
280062691
274164621
274521415
281061659
275056710
273650673
280510527
278663228
274806583
282221591
274089476
273478292
281894778
275941143
273832370
281125800
288697764
275655517
280517913
272784203
277977511
282954634
276028328
275005049
280170136
291222248
271614041
281116476
274522048
273335147
283747331
273833449
275588270
280295872
276722079
280778868
286824801
385014641
321865353
283687890
277864547
273709679
282586616
326218396
275019208
281315197
276024129
271282575
281311891
274936254
274408382
274784355
274660352
271956162
281703951
1499385512
319351432
1379169428
801723537
1124578550
703501678
473317608
1028974384
471524744
790033518
409885600
574710071
350360907
367904775
301032612
400049386
330054072
279888400
272532755
272023384
282720036
273249243
274736393
280555561
271210016
272054828
281024463
337030751
279122608
290943476
272907461
281211462
284158786
278169939
283579854
284931164
314097213
273557576
468816751
410403910
352750297
305874194
276101603
277847496
281460169
281877477
275007411
281158683
276232703
278164513
281641583
274651604
274805306
280722037
273646389
273407599
280876309
276077478
278917853
282333906
273338409
274704295
279770444
272573108
276432114
282535181
282665410
273230891
281091961
274277533
275856831
279806463
274428904
275679929
284792513
273017232
276858841
279193929
275554660
273177864
279139030
274112614
273432632
279257636
274479776
273943084
323178289
275463716
279385605
283245579
287515860
274157800
278587238
274410379
273528518
279990127
275521762
273615993
284094538
278933940
274344630
281169953
274987875
277687336
291439118
280153217
273522954
282310337
274579597
278406964
285387614
274684206
280375370
282399405
274649504
277637823
281705113
278010843
321551896
294458025
277124349
273068242
280797444
274870405
442149384
330443260
290878579
481870252
311761217
278023235
273945822
278977991
284120274
275164121
282041309
281878843
274257655
282953824
273926579
278487549
556951867
339785352
313034514
287166495
276205879
277470768
284006144
274779691
273637851
279688598
274316461
280091086
283252949
274512955
274719269
281298665
274845766
279188963
281919622
273996001
273386394
280627251
273922898
277940510
282098433
277783651
272229666