Kafka 3, zookeper 3, Datasize = 8MB , consumer threads = 3,  num of messages = 1000, partitions = 3 , replicas = 1, values in nanosecs, third test round after start server.
292667494
211882945
204441999
210899301
197342105
190022328
196029092
188571122
196430087
201096311
190500014
190375824
190140884
191091530
192901778
191564631
199804212
193940393
189643346
190393182
190868247
195535478
196818538
190613965
191243420
189346035
190363956
195618138
202157982
189470945
189439825
190270052
189391532
190987392
194953531
188583737
190663165
190914646
190795918
189873343
189046602
190970134
190584294
200254375
199776374
201130809
205618113
205103521
189861445
191003709
189356039
188890113
189258345
188734618
193227522
188333955
188501475
190170572
194563141
199379563
189547540
190424955
190304362
189549887
189691929
194467960
187950192
192419139
191754375
189273212
189788696
189505873
190240301
189736293
189399666
190530180
195789095
187556226
189836847
189422388
188441384
193982397
196772989
189106959
190878946
189425738
189977422
189377775
188615210
188783465
189518714
188468474
195688230
191039850
189167891
187946343
189037427
189390059
188441105
189192071
189612409
188893063
188815008
192533933
188676386
194036043
188722282
189510522
190042551
190957194
189054554
188447309
187986769
190548197
191276136
192892311
191814817
188975171
188804983
188341069
189511153
189647165
188479261
190630327
191476888
187828746
189904747
188838726
188392826
189012970
188970276
187999240
194263051
195323822
188589646
188789161
189029548
188271740
188258107
188469605
189925974
189628791
188955752
190996710
188805189
189266342
188725747
189347091
189496311
189089444
188554369
188783793
191323571
193770531
188946147
189060202
189274525
188730869
187910478
189023233
193456366
186887863
188438250
189023587
189017931
188900633
192315438
191064712
191957177
193125914
189376643
195286735
187509051
188849031
189981892
188410572
191636462
194799527
189903271
188008709
188470037
189447701
193786391
187346932
191026383
193444968
189851406
186843933
188899182
189732053
193687592
186208489
192965295
195069597
188618456
189349487
188316733
188425395
189896130
188582599
192428690
193152863
189168389
189138774
192799387
189520218
188628958
190715167
194050421
189240332
189335108
188984378
189233364
189647416
194188759
193978287
192501969
188925424
188048123
189621706
189791543
189783526
190691844
190795465
187379023
189595947
188307417
188617603
189249027
189208374
185725197
189526972
188588644
189559903
189446941
194519911
195451768
188899032
189266610
189590553
189648644
188995793
188838087
191177560
189135330
187612515
189193140
188102912
190918433
193002733
189333426
189288112
193742966
188932659
188625739
196060115
190566318
188872748
195146285
188208760
189303304
195044071
189427462
188102284
188484650
191513188
193943036
194791846
190355195
194757218
187018613
189177203
192325187
195442909
188961349
186933276
187615939
189240158
189049688
188250999
193440865
188905906
189339321
191335758
193510101
189041965
187919489
187986206
193751264
195930503
189603391
189324365
188074527
190357737
192777284
188923797
188746418
188835990
189147878
187496796
187617777
188478243
188352186
213259737
189328906
188191496
188527305
188479105
189352528
192454566
189708009
188510826
187571700
214498277
221095086
190106946
189312818
188364141
193387632
195835017
189662214
188120969
188668970
192313524
189048706
188062494
188929164
191956626
196401300
188261140
189218447
195020799
197491534
190269782
189436783
193797313
189317903
189120743
195370059
189376060
188624116
188150872
194181914
199601417
190145682
189824978
188622876
188019511
189119853
193548474
204556661
190150717
189827078
188590992
189499887
188268360
188145206
206054183
192335888
186654451
189071405
189554234
188343616
188907789
193269401
205127828
190209201
194393116
187734096
190021341
189974839
189347667
194887828
201067879
188266330
189253159
194527751
185977632
189092151
190212489
189578203
191856528
197877893
194633378
190231021
188965150
187700150
188036065
188518093
188657529
189724616
188647470
189932802
188704773
188462370
188460399
188466359
188632009
187769144
188554650
190718779
193901872
202735124
189567571
188388499
189296860
187668457
189024497
190105095
189195387
188151461
205480082
192855032
190726739
187547909
188900517
189267674
190098377
189774814
190331668
190014521
196194542
197193628
189685724
188186913
188183879
187434236
189152873
187985962
191156798
189605532
188618158
195121275
205663679
188489492
188883196
189467396
189097856
187815659
187651922
193510691
186245457
187560701
188991627
191502411
188183058
188022246
189275750
187893492
188407625
193457249
194696982
186770649
193267823
193901112
187316175
188294776
189165631
188231252
189130242
188860295
190104000
193956529
193201805
194029990
188315506
189061143
187542981
189287675
195105537
186979151
191900215
188634562
193640277
188596724
188729531
188790402
189446135
188480854
188739575
191107288
190032436
188126699
186225375
188637475
188492714
188808760
188559519
188641782
190174281
190826913
187692585
187458465
188847760
189675416
189396619
188871616
188470819
189254884
190494641
199341866
193215697
191602515
191502301
192144537
192825404
192200227
189533127
192249689
195205058
192368866
195787582
195242964
191870797
193165021
191926285
196552255
197243855
191492988
193427799
198900151
191001844
193621509
192686798
191338477
198080403
192843599
193630493
193133955
194086071
193395149
191843325
194666754
200195503
202063546
190976211
193053193
191475825
192616889
191393083
199125426
192068965
191964620
197213390
189791519
192014619
192463203
190237678
195669927
195235225
192992776
192932904
199182222
191039798
193043917
198974416
192564504
192154473
192848741
193535298
192492844
200547400
201633270
195948991
193285332
194034853
192646790
192025302
192964629
197318370
193010729
191974990
193002103
194042566
193847604
198799267
193860714
196061086
193092825
191669104
192190902
193644710
195225911
192940676
192817783
192036896
192504205
195244447
197063124
192705268
191240002
192385145
191974301
192586496
197465744
191755150
190942741
191604368
193098287
195746905
200015315
193232124
193620778
193505517
232423730
193824673
196826341
192007648
192421382
202486419
192004417
192854606
193232577
3216172477
2001273668
3019989141
349137700
2844363720
364656271
2632975181
302945059
612980026
328574835
230511504
201779588
191737949
190752443
193898555
196241553
192312481
192456639
192091245
192632459
195480563
191839320
191880042
192381642
200120262
195794328
193378044
193504629
192008616
193473782
192047232
191411057
192194237
194380692
200689135
197777742
190969116
192343906
192094180
196083714
190791727
193903862
191912675
191618108
193379307
194749210
190756763
190897649
200392087
193583781
192740299
195918748
199599026
191894829
194207265
192129465
192282644
190677539
192286499
193036155
192323941
196646529
192229583
191966724
195875324
198716879
193242497
193397526
192465894
199105417
196383327
193108658
192098435
199262379
193294461
193639874
192630145
195396503
192323326
191951198
192044970
192544907
191875303
191931167
199662555
199435320
194141785
191828377
196999664
190673821
191088920
191099284
191993804
192432205
190530252
197472311
194771550
194817558
195605957
197160855
192507724
193210289
197620215
191517825
193067704
198572360
192915384
193395928
196943256
191794564
193151354
193224911
195630520
194418005
193576187
198485961
191698596
197062086
197589818
191947550
193092031
199657791
192394698
192252616
204774594
191735170
196932317
192623217
195285210
192668757
192418455
192828099
193224895
196311405
718773730
498776849
377015385
269453580
221959214
191745722
190982889
191383548
192006848
191263850
191770127
195066175
204959434
196060526
193869842
193248565
192914308
192329462
192160756
191746385
192211736
193069547
192674481
195038067
217207902
191746586
191799763
192174832
192723822
192534606
197516166
210400297
191943483
191777528
191853600
192957039
190336251
191674184
193031751
212734373
195390792
192282942
191034042
190915127
190780919
193631862
191391592
205156098
191991511
191853882
192067223
195226921
190949074
190226644
192381902
193560332
204558887
191370089
191929084
192780373
191902654
197062855
193722141
192502139
196019500
191363495
214309836
198466615
190296505
192050813
192553568
192130206
191279173
190791047
190543625
193805188
196238156
197750947
205553091
189618474
192457101
190874950
192055968
192407915
189818338
196304690
188564848
191800721
193556764
209531751
191845013
192779047
195762592
190588390
190147861
191547242
192749702
189896753
193725307
202035479
188326043
191559676
190571355
192743918
192162444
192203243
195794081
189982286
190788469
190187443
193388012
202261380
194032911
194353420
191899843
191963526
191631919
191659327
191059333
190193289
189422041
191883072
200096167
190755902
191537972
191862793
193158130
191795180
193027124
195752995
195730665
191202864
202525581
191307065
191460450
191258569
191653800
190363153
190329000
198153950
189565743
196759104
201293749
192376966
191565615
191060741
191990258
195383859
194714091
195875933
200737647
207360720
195053398
196690536
191743083
192998362
190720996
190916985
190242082
189693840
195870500
197273844
195633296
192116446
191924816
192130266
191437507
192110712
192152755
191007979
194173217
196115602
189711584
192276841
191732858
191497959
192369037
196751257
202595877
195730338
191701505
192284785
191564482
191639093
191211046
191323740
192337178
196822099
191931398
191804553
191849616
192453506
191453467
189449731
193405903
199841194
194980871
191571228
194386007
193526649
190325891
190402011
192475650
199534597
192285478
192058494
192166252
191620385
191306577
193200001
195031560
199775717
196060774
191743862
192538073
191315893
191105484
190138714
199815428
195811008
195387913
192340086
192969573
193216824
195732583
192979842
197076982
192658823
192450171
193023956
193412788
191536841
192072880
197759770
191113280
192040409
191323949
192107080
190493466
198191389
194909098
191270057
191553424
192038354
192772617
193644536
199732119
195558059
192224838
195141298
3017338625