Kafka 3, zookeper 3, Datasize = 10MB , consumer threads = 3,  num of messages = 1000, partitions = 3 , replicas = 2, values in nanosecs, second test round after start server.
533970653
506149133
483427828
463922768
464012820
461310711
475559641
478276165
468303611
457876448
459940943
462348844
471904407
489006755
493675854
484077019
496635370
487171550
461975692
459310203
461698033
461755113
463204369
460225172
465408074
463476994
476541717
472668093
458458317
460396486
458033801
461262695
460199959
459157743
462611395
458719957
460914252
464230551
472481569
487392140
484790308
485228208
483456139
488266754
487201030
485154350
496103298
481986935
461941603
463038336
459321136
459982843
461590607
460328721
458986630
460355044
463223441
460141024
459238733
459842338
459538402
457712123
459425993
457655134
462801661
458558493
474314063
475897697
462162881
462306937
459361628
462338364
462433889
458667242
459819312
459403938
460342541
459862368
459254926
459611187
459038612
455991450
457989372
460450085
458042385
459928616
465411799
474401485
478111620
478191471
480121152
483672596
483958450
484497196
485066767
478934518
487697079
484960564
489429532
480658624
483969283
485632409
487590879
481884012
488076070
488564932
500590810
479665276
458029067
457411898
460068309
457739139
459289834
460708724
458007468
457504950
460281219
460790906
458734108
456249673
456633060
458532736
463082994
456323054
461095966
462115558
463148210
459683090
461496705
461214923
460981009
460206310
460063608
459772179
458390184
458104735
459106114
460341931
457181979
458037895
461434981
457318022
458407991
460645383
455776610
464331972
455809629
456353431
457990493
460634592
458808384
460065121
460981412
459126223
457445733
460475269
459785400
461639522
464981901
460476284
459352003
459425922
456827913
458492504
459018065
459007820
461177387
467496127
457933452
458069089
459041302
457048839
458977310
459134907
456856936
460323238
485434671
456537777
466805069
466736292
463918196
459036234
464287358
465525971
460329859
463884186
469900762
467555287
462920180
458724870
460511172
461126718
457988041
458152025
457812381
454638787
457228310
457858842
454471865
455851629
459266057
454702699
455996126
463492439
457944252
457685106
460955506
456940422
456561950
458016785
456224372
457621997
457175350
456514036
456493079
461896529
454766615
462868714
463054576
458523463
456488689
457920721
458349482
458811686
456975401
458877630
461073777
458059643
458803580
460159902
460355204
456124255
465895398
460611915
460598369
460025939
461072744
458187563
458956858
460018574
461573530
461186737
460076308
457598120
459470664
460553054
455977706
458219070
460573248
456835959
623961938
516853525
463524924
470220466
467049896
458601666
469115446
459776483
454469597
462851079
461318609
457008482
459327617
459591025
457694783
494979960
441512131
1092170354
1012227716
967021655
863343666
631566111
827000535
696449457
607869706
569719056
499630125
471938169
463958751
458158296
459696163
723352625
511000955
755360681
555860441
513756044
482773522
475779021
456154663
457317345
458853515
464525624
461675261
459004093
459678099
463293914
461550338
456414817
458257897
460188415
458516045
459305476
458688632
456974226
457429167
460411745
459354879
458387011
459050389
458314890
462299169
459539286
454933698
459199968
461957032
462074411
460410708
459255257
458103378
463282082
458971424
467905737
464730469
460433993
456168958
459706233
461724498
456071808
458864885
458174537
457636172
459379118
463595280
456882927
457749574
455303386
458989761
465948683
460312970
456799075
459576670
460933447
456048879
465684461
458889120
459182776
465041708
457749182
459454894
462524633
459370851
456113043
465211501
459874239
457676686
460446724
459823573
456553498
459697074
456292510
456861933
458914728
456377709
456337952
464719298
457914028
456384155
459197895
463486693
456907554
457588575
463444546
456537046
466349055
464846453
458523059
460706511
459438310
458770945
458957744
457660575
457191234
458490934
460074912
458412639
460378298
459000707
456231450
464684401
458764208
457027890
463262170
458754841
455579484
458816584
464567021
457218334
457149128
458057695
457271433
461272334
459303576
454219837
460588244
460055502
456137410
465535754
459807450
454319973
457728915
456719942
455209754
462243509
457369718
457423123
471638653
458966364
457698837
460724291
457490096
456049583
459432925
465346385
459874373
456517495
462851951
456445050
467635820
463503298
464608043
464164288
461503445
455785863
459584942
460526255
457204302
459788816
461813463
459465720
457848823
458556119
455366279
457171739
460073179
458587109
464165986
460596427
454125835
457486055
464807552
458396843
458759775
459310910
460669059
460797401
456420669
457697348
459354704
459197167
457596945
458591854
460456886
457250672
459939235
457456022
455662339
458309950
458928860
456387678
464233120
459850705
454458993
462111559
461733812
463644298
460143366
467672406
461382809
459534573
459201042
457390691
459885807
459664845
458632044
460032823
461800771
455860877
462349526
461186602
456961631
456653739
459438833
457394842
457205720
458104327
457249609
464339989
461463565
457948087
465139470
460041570
454131398
456163095
462369191
459504458
460051017
458687455
456998190
461997984
458816138
461244826
462922163
458189326
455811299
458075671
458566356
456377020
457935741
458784228
460610387
461405982
459445991
457275747
458155883
456522958
454479347
487692264
459302837
477376884
456183943
729618106
654078224
549670144
489896758
484434104
479895605
462453790
455243123
459917899
458157174
459422990
460914864
545009909
472668707
457750704
460870972
456629055
458613146
458122909
457128463
458651851
459219584
455699309
495147969
434498863
427877657
1776550774
2124645903
1595865952
1305752010
464819485
429989921
3732826497
2295134377
2006154512
3544937314
1543584416
1868869499
2589664114
728007395
2382078454
597766868
2192256181
608550944
951156022
563411780
756757022
586500207
508598532
474420969
492437224
459841038
459499888
459585220
462403766
457055886
456691792
458379027
457020278
456899182
457553081
456638906
460546816
458128897
458825835
459800131
458785137
457185429
458091446
458071695
455261757
457681488
455054410
456785758
458609432
459287347
456996570
462759443
458956833
526944500
471184018
460964813
464085844
456053182
459261597
453264064
456588861
460237306
455662055
458185838
457848275
457602834
457079262
458929626
456874531
458871849
458204515
455816213
458043107
462870567
456743215
459077808
457045125
455837700
464299364
459659794
463855921
462310069
461474731
456738416
456874399
457978481
455355718
456674007
459000109
457155029
456557141
464767575
458108052
457756789
458548321
457023376
458242770
459940817
456794635
458321837
464292440
457247050
458211867
459573938
455265985
459709473
460539923
458309259
457928465
462428445
455937414
458945729
458120925
456741119
457140353
459414331
455332261
456434572
459540032
455832617
455779326
458311758
459012633
459352602
457717318
457224234
464661023
458371537
460069072
467611960
458951048
455950404
463137115
457652376
458510215
457315222
462273676
456463002
458227679
459258270
456740233
458168679
457615078
460657371
462778787
457783287
457792730
460957268
458964073
458646433
457168369
457188606
458181366
459326440
459492766
461321420
458433387
463329877
468606793
463127783
458278179
459044940
458648754
461989945
456321600
456514905
456316437
458125427
459506508
465061338
456717835
459709079
455826379
458006451
458833980
457320873
458189992
459293915
456290133
455635196
462506060
457042679
462782898
459035845
464004820
463673473
462839143
458463871
459571527
458277895
462738197
455632412
458814756
457357195
457412233
458544187
457536044
461725206
458504983
457069097
455903580
460000329
458286164
457422699
459039876
458811600
455759780
462016769
458485287
462282917
465450957
457582220
457952569
463732923
457465909
459305473
459933210
461216416
456444151
458307769
458840370
459258572
454863466
457362564
455853438
464830471
458047339
458766948
458538795
458176015
458076024
459948273
464895347
463424275
458462168
458790452
457729714
457085395
459256666
457676397
464539850
465375716
458441736
470351945
470351340
455343762
456422379
457446439
457059810
458700191
458203761
456032954
462705374
458881556
459298440
459218332
457753066
455343131
458908820
457879272
484160610
439352342
408988095
436382704
397487685
2404380921
1612188879
2252983079
685798569
2075162291
576101909
730778253
535188722
491692966
479678293
459460245
459257479
464623044
457432156
457114106
459173411
456476518
459364179
467090249
465876331
458941804
458198615
456055566
459918631
459958279
455843608
460008369
465289029
465608928
464194537
457903183
458458710
458698952
459933155
457041016
457847120
467485102
468005053
458267182
459285012
458051537
459660785
458418079
458263092
458175400
473803221
473168629
460516321
458192360
456784823
465668288
482938531
426060054
435083857
1005705392
1571115558
1384311235
1141973606
1283980198
1150301842
753523372
1138076390
841731921
620262322
852571737
647900523
646699675
578417899
508086103
478328521
469997333
463350070
465270235
455510682
456715628
461626755
457068704
465859068
467858952
457413079
458881013
462203046
461860744
461494380
470190832
472218990
464278465
460640908
459751575
458610480
460624442
456642767
463124658
461880656
457977626
460039911
457633094
459712331
460418682
461141898
460666829
460882590
458557264
455081699
458736545
459294549
459537475
458287330
462014096
457009760
460980791
461902134
475710621
474616484
463052362
459308939
459284589
464325257
458389065
462073099
465851795
458089132
457801765
459328265
458156373
467581673
468267645
457290968
459760772
458851705
456769122
465246823
468168902
462491959
456948588
462784185
457623145
464754043
466404086
460760909
461273728
465337035
459906197
461674993
466988109
459157431
461224630
458059613
465005241
465164026
458089555
456773972
459319257
459366026
462003697
471240568
456808318
460254923
456503040
463200013
466476698
460823545
466339508
457522591
469575926
472108759
460048627
459656139
467249079
461204798
467137314
467623900
456812473
456412483
458599851
458045115
467145341
452045570