Kafka 3, zookeper 3, Datasize = 1MB , consumer threads = 3,  num of messages = 100, partitions = 3 , replicas = 1, values in nanosecs, thrid test round after start server.
173137181
29924924
32392876
29646594
26740727
29693477
29803389
26355262
29442661
29893890
26896213
29838429
29783888
27053719
29792857
29450180
26789058
29713666
29679236
26543971
38528037
28779606
27052698
29478938
26034425
28879386
25942211
29406971
25829498
29191678
24300896
28244664
26421299
28511746
25916905
28935201
24579526
28918649
28812229
27744086
28243221
25853704
28861838
26080125
28804943
35168951
29160735
27049911
28731981
25599115
29011386
25599964
28557859
26421221
28729916
25499562
29164229
26083905
28775815
26306527
28848740
28645902
33818021
28580947
26765684
28006461
24708328
28565479
26487648
28399153
30834782
26855369
28397239
26119599
29198304
24204983
28797207
25999904
28424603
25596517
28363984
25470767
28523383
26538066
28513165
26012145
28365859
25582432
28135006
26235452
28090364
25717535
28412558
25775465
28172340
26403117
27705787
27925899
25839614
28127894