Kafka 3, zookeper 3, Datasize = 1MB , consumer threads = 3,  num of messages = 100, partitions = 3 , replicas = 2, values in nanosecs, test round tow after start server.
191639796
43871105
46313085
40281242
38764056
40966107
41179433
38933917
41216810
41274412
38556193
41231284
40964034
39652701
41321803
39964487
37634927
41175986
41138970
38979690
50316492
40054367
38436062
39733931
38100489
38704145
38800782
39994485
39045481
39863828
37662527
39113888
37421919
40342277
38971015
40281390
40537861
40073744
40158520
37379059
39811242
38459717
40030751
37680061
40138624
52809235
40134615
38690819
40433526
38042535
39873836
37915277
39870834
37580023
40247909
38012557
39773470
37902170
39399621
37770903
39896092
38083091
39847157
37945261
41329932
39452683
39501761
39859018
37117712
39738103
41200555
38695421
39876075
37016562
39378623
37750012
39739301
37409258
39302615
37944263
40102441
45830909
38938951
37702190
39437090
37569474
39397328
37281394
39430510
37522669
39161976
38301434
39688953
37926327
38638740
37253163
38885966
39867310
38049711
39601675