Kafka 3, zookeper 3, Datasize = 1MB , consumer threads = 3,  num of messages = 1000, partitions = 3 , replicas = 1, values in nanosecs, first test round after start server.
186245691
33796745
33624630
30276741
28327751
31608867
30208832
27056651
30086036
30330691
28035890
30345769
30520641
26485523
29557993
29934750
28334143
30036824
29847447
27399068
36538950
29326290
29407602
28638759
26979838
29028757
25625034
29778044
27171900
29236601
26107921
29392346
26736952
28983869
26766753
27963159
26016871
29301100
28968982
28344092
28562670
26360650
29193676
26304377
28931928
35916832
29001859
26714962
28917455
26760763
28960449
26300077
28971354
26783398
27545243
26015360
29253731
26474626
29094851
26690480
27937016
26444807
29122982
26409412
29250828
28878050
28234623
28120464
27444166
28086685
31789580
26989629
28807407
25173778
28275714
26797893
28905354
38949575
28949273
26513969
28723809
26757479
28927109
26557142
28662935
26617898
28742285
26620908
28450012
26521259
28494301
27279058
28799706
26776841
28565375
26374184
26725840
28588957
26697227
28456712
26130265
27929145
26365485
29008079
26032029
28590264
26405344
28646760
26417512
28525324
26478669
28380443
26232945
28609103
26227594
28863152
26427210
28870512
26592166
28489556
26025583
33073694
28565375
26025141
28208929
26175600
28610496
26425519
28476084
26339136
28494015
26316765
28721137
26525618
28412160
26442744
28375196
26305138
28378852
26576317
28397469
26303331
28211473
26327735
28310815
26351061
35454003
28910786
27608493
25695856
27886436
26922631
28025725
26307242
28323604
26874516
28598298
26248922
28051069
26098272
27703615
25402568
28455666
26540815
28468691
26014899
28328614
26245138
28412625
26318442
36296713
27004006
28190372
25814736
28668361
26722022
28247503
26146633
28280219
25820021
28675753
26230155
28334173
26247565
28347818
25881463
28411720
26285124
28175476
28380051
28289324
28287829
27292559
28050322
28160394
26921027
28162483
25496359
28019956
26538741
28327802
26530038
28624549
26236769
28392168
26220124
28274997
25964666
28378676
26452408
28302416
26131277
28627590
26169529
28234428
26280374
28303443
29600827
27442901
28222733
26998316
28188037
25901976
28200760
26326132
28449297
26394976
28386066
26050941
28424064
26187264
27654739
26283190
27682378
24619816
28306360
25460477
38170514
26070071
30962141
25753805
28346370
26598921
28389657
25889504
28021254
26156641
27676164
27540280
28447375
28092059
27393745
28277825
25613152
27940261
26193766
28253366
25618679
28336202
25968705
27963063
26211484
28217747
28240563
27399800
28069315
25528069
27911930
26475642
28160917
26185679
28058792
25274990
28153787
26215995
27878809
26251136
28348494
26027139
28208043
26226996
27797715
25956975
29453614
27117663
27657467
28196710
26393260
27741735
25340235
28023972
25555143
28011127
26481997
28232705
25188788
27945766
26091966
28144000
26428812
28197294
25907952
27820948
26591418
29924146
28247529
27500228
28124758
25854762
28328241
26294746
27978939
26170620
27765060
25184353
28303171
25311995
28304890
25717850
28067241
26003015
28152983
25901556
28046282
25746761
28221593
27361619
28226159
28033889
25548819
27941883
26699359
28081928
26553355
27875489
26383471
28079581
26344850
27941672
26218002
27042401
25419753
27799957
25702789
27975497
29227620
27880207
26652572
26881000
27830751
24927033
28288066
26268491
28000134
26718531
28229347
26655465
27843069
25462735
28052603
26524711
28127163
25879358
27916413
26420745
28164974
27989216
26229715
28053716
27045564
28145662
25512500
28076699
25561518
28139601
26100492
27805316
24980817
28010203
25612532
28053681
26764011
28756396
26711160
30914162
35337930
26956887
28140837
26596835
27935523
26994730
27921768
25522695
28187686
26160170
28050360
26303770
34439249
26260194
28533078
26272540
28175795
26446405
29679332
27940619
27760505
27898280
25725787
28005929
26287807
28158118
26804148
27977890
25738556
27822523
25665546
27913467
26586897
27984440
25625210
27768527
26624170
28055281
25512360
28056588
26206067
27479552
26463642
27907592
26288835
28086318
26793652
27883446
24683147
27951097
26454546
28224155
25994720
27663248
26526296
30018986
28051387
27423842
28204096
25766266
28110271
27486251
28469051
24968949
27975863
28112104
28127243
28174333
27319874
27932609
25573244
28079024
26264330
27951356
28188042
27856427
28368433
25529388
25418416
28040727
27935239
27135028
27912997
25556312
28225122
33161179
27360225
25294471
27983658
25367998
30249672
28224210
26312792
28260189
25806776
27930863
25191031
27927631
25694491
28099235
25030152
28035518
25425376
28036069
24911707
28141113
26328754
30471141
28246706
27229254
28299383
25421889
27982305
25599116
27872223
24532419
27230368
25470621
28133499
26762005
27920226
25640166
28107150
25838135
29775854
28087388
27554128
27544815
30712395
26711597
28252912
26897685
28172577
25529803
27753266
25086807
28098294
25549286
27963769
25680821
28974408
26030666
27722068
26121656
27725165
25074282
28081610
25383349
27843929
26458434
28046868
25804848
27555164
25043606
27763166
26421502
27860111
26606119
27136342
27860622
26649030
28150376
26420945
27817568
24764537
27750227
25041676
28139464
24967916
28125355
25095577
26821823
28175615
27464434
27064688
26797528
27784536
26686883
28360585
26669451
27986815
25881455
27830298
25193667
27793163
26001076
27771084
24905491
26695910
27061696
27237273
28061430
28031931
28107456
25131665
27864256
25643944
28108240
26298587
27953137
26120399
27614918
25160287
30456566
27974906
27276227
28382221
25759975
27776130
26746639
27847524
26754193
28133660
25046519
28208089
25336819
27845056
26434605
30568821
27795351
26963861
27851763
25785525
27825153
26766816
28055820
25606748
27983878
25206921
27759082
25866940
27731803
25047927
29720154
27239748
27620651
28030148
26588490
28044260
26300815
27884698
26715248
27850981
25609503
27838322
24863079
27466026
26460855
27725078
24834874
27670115
26310657
27758307
26345416
36907462
27971355
27022916
28068869
26338752
27927215
25449335
27789097
29496865
27745567
27682397
26827277
27729450
25587127
27921536
25536603
27942498
26441245
27970090
25672407
28106728
26508339
29864344
27979881
26979718
27937843
25711734
27963983
25815974
27854688
25845924
27719123
26324826
28050098
25344131
28149317
28864054
27637276
26598048
26935037
27762959
26466128
27788284
25682127
27813601
26562271
27922520
26456365
28056185
28235888
27707834
26433241
27826407
25076527
28072802
25378996
27979730
26279192
29162985
26632385
28014194
26048662
27751998
29761571
27765574
27899829
25655843
27078842
26767445
28030072
25245742
27840635
26581839
27939471
26213393
28235630
28373952
27883482
28083678
27126458
28041781
26562773
27819955
25027745
27897479
26178155
27879228
24829243
28086583
27760512
27984419
30142413
27751247
28091630
25619525
28021534
26777364
27915531
25991587
28078050
26368246
27987536
28137406
27773105
28115810
27693956
27694000
25195028
27994014
25242818
27616878
26425815
27798727
25173120
28262370
30126736
27324486
28115850
25385988
27972377
25836487
27978419
25421860
27944205
26274732
28006097
25202772
29665752
25763310
28097135
26295549
28057491
26778373
27687991
26331297
27836564
25977904
27916437
24964832
27861412
29684721
28162930
26723131
26919855
28206627
31723321
27825487
25108201
27125580
25702400
28182393
25016216
30626951
28200719
26796568
27850727
26807269
28021488
26098081
27999326
24946384
27568131
25337991
27956752
29969252
27534817
27500316
25813100
28071192
25567332
27972246
26608364
28051965
26045322
27933989
24999282
29785582
28063402
27752078
27914961
26430990
27950930
25257736
27844846
24669250
27819315
26514269
29369116
24818877
27948156
26178729
27922302
28356823
27886384
25321039
27687328
25426881
28019298
26214149
29334829
27741287
27651475
27667808
26247210
27145209
25033737
28007734
25128303
27830216
24861302
30012916
27752291
27344510
26805951
27672173
25410758
26894439
28005447
25543989
25792278
26772291
25556584
25404231
26486407
27797470
26624248
27851392
25275365
26997833
26355433
27746379
26168803
27652165
33422831
27938259
27928546
26840980
61175656
26711409
28131632
26437841
28016151
26881878
29908814
25070236
27737601
26461678
27714988
26159177
27688106
26241558
27747434
26320892
27695460
30202947
27076647
27697524
25610136
28121132
24932616
27750517
26657014
27807737
25579338
27741262
28024735
27519321
28170176
26531136
27933499
25475340
28053992
25969834
27733790
24970389
30686758
28049456
26878571
27814812
25698117
27774296
25155745
27907037
25052068
27919152
27868093
27964693
28079102
30790907
27658091
25542431
28082092
25434256
27843867
25231479
29087948
24969697
27665130
25994132
27731686
27290092
27927149
24576868
27344507
26330133
28094112
28205258
27026966
27704627
25615287
27594088
25800233
27906535
25422822
27759272
26454308
27661453
25703577
28143053
25772462
27737700
25919368
28018023
25010176
27863466
28036794
27981668
26438820
27733471
25576535
27095228
24897239
27972178
25369022
27737324
29415297
27787629
27679032
25476373
27472436
25350442
28142996
26056585
27769726
25806785
29950289
27885089
26948726
27858077
25508283
28177513
26230084
27692900
24752525
27137454
24400977
27893098
24356515
28009888
25850662
28147128