Kafka 3, zookeper 3, Datasize = 1MB , consumer threads = 3,  num of messages = 100, partitions = 3 , replicas = 1, values in nanosecs, second test round after start server.
179072008
33893453
33126966
29710340
28130747
30082937
30030167
27607810
30174628
30162942
27713741
29909096
29987291
27693275
30175529
29639909
27594410
29995289
29393195
27696868
38270585
25981942
28847507
26408573
29353578
29481392
27810270
29066530
27482782
28898820
27139861
28553720
27089654
28968418
26671031
29076271
25536562
28732227
26527064
28938402
26408673
29135039
26232569
28869345
26040684
35881726
27610263
28427648
27270586
28855781
27026799
28961653
26644851
29072914
25945666
28724150
26448747
28898447
26495661
28604554
25751229
28511022
27090450
29234707
26652707
28719251
25570986
28936653
26080939
29014314
30926605
26760283
28834206
26358809
28538191
25778003
28803791
26592687
29005365
27060885
28827848
26670408
28504785
26242494
28690035
26388050
28235396
25282623
27927354
26471620
37328500
26039114
28528734
26499793
28189946
26255024
27387853
28161680
26601784
28718033