Kafka 3, zookeper 3, Datasize = 1MB , consumer threads = 3,  num of messages = 1000, partitions = 3 , replicas = 2, values in nanosecs, second test round after start server.
190487112
44667103
49214721
37826258
40522957
40867926
38481451
40446813
41189650
38451393
41337806
40725769
38414612
40630555
40757863
38983066
40658532
41154314
38494313
40316959
48757173
39912701
39545473
35238749
39875627
39742174
37165191
40373831
37708183
39358839
37608740
39818921
35594989
39779772
37065061
39998082
37091370
38911840
35861542
40078701
36718382
47017885
37370924
39666751
36855196
45949484
39400363
39438849
38167188
39691217
37060078
39755908
37632931
39821836
37367938
40318327
36804762
39695281
36476754
39415400
37189586
39641933
36742081
39093081
36938785
39559926
36892501
39051034
36027130
39608729
41773623
37919921
39697652
37082822
39785840
36864688
39552427
36974042
39165029
36802132
38996280
37525975
39222270
36751915
39151202
37626028
38950194
36822234
39366924
35798893
38954241
36651871
39702734
37584459
38970534
35694852
39331457
38768687
36818528
39088824
36842929
38867328
37703467
39062596
36909473
39145789
36778064
39242623
44384674
38696221
37042032
39217258
37357711
39269018
37026319
39339786
36208156
38911051
36842262
38969764
37367422
45116229
39104945
39189103
38555547
38875239
37684975
38210615
36114809
39301302
37152793
39188295
37375656
38191333
35861945
38927061
37310675
38775191
37374572
38726050
37279704
38938548
37195897
38872525
37021414
39090918
45855106
38624644
37318470
39184995
37384270
39250410
35979038
39493276
37122254
38456184
37352157
38732198
37272764
39033747
36923796
39084527
37020601
38585789
36122783
38937652
36772782
39359320
36839359
38709827
46382803
38926382
37198960
39407136
37026925
38824827
36899941
38639269
36464882
39314483
36996058
38871758
36785055
39112480
36367321
39111030
37044117
38825403
36681496
39992764
39244852
39272216
39014303
37417344
38823884
38871780
37661534
38920919
37184535
37951205
35718269
39131953
36770270
38776178
36983279
39125804
37363923
38709706
36674687
38806922
36838318
38836533
37072437
39818239
42720160
38734177
36788988
39959279
36861342
39064202
36815373
39294187
36357301
38980034
37235474
38907214
36775638
39146024
36941974
40670821
38418704
38944169
38596004
38415030
38587284
37258153
38818893
39208475
38852562
40972707
38314646
38663376
37544592
39131211
37126922
39431529
37048546
39072711
37450538
39050091
36806025
38996511
36726865
38946768
37090443
39007697
36860009
39169366
37263599
38390885
37080274
39348582
38916111
38457263
38729456
36039390
38459649
37226914
38912177
36068324
39046645
39016358
39300063
38954984
38195131
39153497
37755816
38991831
37233173
38847847
37392627
39113548
37075264
41281805
39196563
38003216
39015577
36804507
39310145
36515928
38971558
36955656
38989062
36934789
39027249
36576769
39101966
37080863
38847691
36992868
38989135
36689371
40560648
38754799
41221585
39466728
39109964
45885088
39055165
37727122
39184427
37517824
39233848
36903967
68049391
36971049
38677508
108227272
39174484
36732504
39443644
36909414
39243840
36987571
39069450
38971833
38456396
38910519
37373855
39163696
37139554
39092886
37287587
39693827
36637985
39220016
36654499
38668857
37077198
39233043
36482978
39255517
36901268
38964504
37479206
40486377
38624474
38169521
38851827
37311807
39198338
37311682
39315778
37049609
38824592
36560832
39820424
37044573
38876980
36872029
38925352
36829112
39280101
37112904
39574656
38765223
37949227
38997738
36062750
38937365
37252656
39299653
42855064
39040062
37087421
38577746
37687951
39346238
36438564
39054074
36993231
39340439
37847680
39545274
41020921
37337119
39282121
39444868
38493138
36853772
38730704
37003134
39421019
36846142
38530770
36555672
38880332
37037003
38981179
36997611
39069834
37128669
38640455
41275340
37623190
38532653
36652389
38465718
37495454
38967432
37137977
39028314
36852835
38838835
37086429
39147733
35687105
38968476
36878431
39069985
37239202
38681524
38980391
38608665
38814009
37260701
38406653
37723787
39424721
37326398
38842644
36025689
39084664
37006925
39415102
37003391
38644614
36890461
39142988
37030484
41033839
38734397
38270903
38799592
37543321
38515682
36266270
39077135
37450967
38766563
36595555
38682654
36077526
39108381
37152428
39167984
36441862
37876334
36681409
38741199
35478704
39098754
36696847
38666085
36821383
38682503
36520831
38987850
37028055
38852100
36850251
39130344
35757437
39063143
37244194
41297221
39314874
38294775
38886446
37811504
44885365
35420653
38989123
37031602
38636539
36825015
38884974
35779731
38753372
36656811
38895739
37546406
41070816
38681312
38024285
38950656
37617246
39268270
37068466
38899701
37112226
39325070
36751676
39027408
37189960
38856121
36957554
38754092
36897926
40661217
38954593
38422870
41858676
37148100
39000282
37539353
38601043
37002611
38684747
37224047
38909522
37056290
38836052
36968373
39000855
38610461
38642801
38875888
38273794
38943496
37703635
38942027
37053950
39357869
36835375
38570557
37248272
38504620
34994859
38660825
36769621
39247066
38999997
38313105
38577071
35983827
39124496
35768332
38811829
36695723
38625355
36832235
38420793
35605445
38827256
36460534
38371362
37834472
39249333
35669420
38802991
36365471
37925856
35041963
38912761
36137076
40297076
36362172
38551937
36999916
38548419
35739101
47193259
39151360
38265575
39074290
37012792
37597214
37651985
38778179
36348415
39235882
37583584
38855174
36859581
39169383
35300914
39084055
41159011
35754207
38259361
36161546
38379556
36523547
37739441
35065268
38756827
35461888
38135680
37903069
38651372
35154009
38516079
41475410
35676690
96390750
36251015
38807860
37656002
38846184
36090507
39173079
35928237
38493218
36683911
39284071
36280549
38831790
40858471
37667841
38887902
37032199
38931689
37157623
39054149
37111579
38818901
37274090
38620661
37064056
38766773
59799976
40462505
36769329
38707572
35830998
38730770
36285766
38891289
45074398
37799564
38980697
37029158
38556178
36865756
38914735
36811566
40683076
38661862
38201844
38690621
37939066
38809104
36462500
38821581
36471629
39121671
37288543
39428848
36566783
38719296
41194471
37822439
38550149
36078645
38883306
39088919
38623956
39033362
38474677
38396729
37501989
40990583
36886610
38912258
40742355
38280325
38915181
37364648
38740793
37689160
38657984
37452288
38989843
37014796
38815304
37151389
39167887
39426059
38999100
36740404
38700735
36962476
38786196
36391671
38957359
36641607
38809176
36789049
39155475
36861780
38910287
41083374
37845920
39153297
39685929
38851773
36865855
39112927
37355249
38814974
36842249
39072919
36876561
38880962
39070943
38511386
38899420
37141591
38891808
36033866
38701176
37196297
38690983
36815232
38821602
36907096
38666179
39852556
38823182
39025531
36518910
38959372
35871565
38800195
37265045
38922936
36698434
39299092
36830456
38793778
45167799
38694195
38163417
44719734
37766114
38581419
37194896
38916553
36093728
38835145
36833354
38799169
37000821
41464104
38586447
37538091
39046180
37440488
38831937
37369958
38981796
36820658
38636991
36626205
38952758
38596847
38523824
36894888
38855314
37573718
39125141
36720805
38772245
36970224
38264680
37107014
39073204
37025053
40580408
38702653
38150581
38530929
36573125
38840936
36967768
38821659
37143546
38726145
37138178
39061684
40840888
38281008
38717275
36521259
38983071
37050876
39463070
37200364
38820759
36871124
41917423
36827766
40886340
38678527
37600960
38942401
36338849
38895767
38827498
38654522
38724688
38350687
38639349
36090916
40541081
37672461
38951205
38419291
37425891
39044068
37190478
38861393
37080240
38690931
37102392
40659107
37100681
38410937
36329881
38602322
36977729
41158563
36963642
38625154
36574349
39054795
36881507
41490434
38628346
37519670
46601529
37831267
38714363
37157617
38926817
36386564
38674687
36783295
41145923
38383474
38129031
38610991
36087156
39205792
35781737
39298061
37471499
38396456
37350981
38377760
38375556
38344692
38599054
36421978
38358650
37037427
38438196
36204672
38674471
36037110
38062695
36151267
38593854
36669057
38385988
37112929
39233261
36966102
38463385
36419461
38829195
38253078
39019679
36667470
38883622
37026200
38717049
36415965
38805760
37185422
38524072
36775421
41156394
38250349
37691372
39062432
36308295
38187678
37437186
38787722
36059500
39291417
36697929
64234983
38792224
44193687
38184650
37375590
38275944
36770082
38656100
36013521
39084478
41239305
37125645
38356505
37023585
38775534
37378618
38745068
36730376
37535986
36527965
48589735
37732509
37715856
38343334
37483575
38865911
36069437
38986534
37228387
38830503
38717152
38495086
36627853
38755985
37264266
37872536
36383026
38961299
36050300
38600380
36688287
38593255
38649331
38609523
38512014
35992652
38550736
38827561
39082513
36002108
39038582
38436707
37771612
38917616
36052806
38555113
36923964
38754819
39028462
38810704
40198101
38761541
39069836
37354565
39230882
36188107
38110100
37671171
38691882
37206864
41373143
38693055
37391797
38778728
36702486
38111790
37368192
38318523
36618397
38720855
40947122
37696067
38403976
36351781
38351718
37396877
39355546
36922558
37937634
36437331
38538224
36749279
38486465
37128647
38762232
36620080