Kafka 3, zookeper 3, Datasize = 1MB , consumer threads = 3,  num of messages = 1000, partitions = 3 , replicas = 2, values in nanosecs, third test round after start server.
183220445
45273473
45075881
43951768
38328100
40071288
40597955
38615586
40717035
39753594
38498127
40586117
39081878
39615677
40512328
36205879
40840337
40688304
37595868
40790619
47820629
38777619
39874679
37987652
39900711
37759023
39554242
36891923
40264045
37116659
39752827
37511385
38768757
36518875
39457212
36940705
39609042
36817553
38081046
37354879
40067390
37230800
39820708
37461381
39219499
46023168
39673543
37724201
39720614
37101951
39843163
37216798
39533293
35458881
39799276
37222587
40079223
37049043
39453838
35668802
39390486
39633730
38577301
39789365
36817222
39874482
39706383
39675146
39256173
36994010
44660830
38151816
36685806
39612968
37247044
39757386
37254728
39340504
36928746
39315526
36791903
39377975
37427194
39431966
37854012
38937943
37043863
39021590
45337306
39338259
37283537
38842906
37348476
39121412
35901452
38862234
38979316
37029582
39883182
37396008
38930880
37047714
39158878
36696574
38567907
39110005
38897796
39091525
38177828
38270905
37268954
39088055
37329342
39314861
36871667
38914315
36750944
39239234
37110940
39317413
36777390
41905596
39223372
37593924
39329428
37244238
39183858
37285163
39362971
37283714
35217497
38770043
39097317
36837850
39087127
37614909
38996905
37211729
39038268
36971092
39242623
37397074
39025949
36681583
38755326
36992889
47931838
36999408
38346308
37198695
38743829
36515763
38695373
43590829
38577239
37524479
38273973
36976337
39145390
37137915
39190102
36674758
39136046
36729465
38649271
37438530
38835596
37370217
39150516
37296853
43857241
39195775
37116107
39028860
37097621
38773403
37332196
39130282
37001020
39316567
37038382
39190555
37033439
39000226
36792613
38676572
37631443
38709263
37065729
39301508
37113343
40353862
36753021
39363348
38314087
37801095
39350849
37946829
39137661
36699425
38819919
36992507
39003621
36879748
39004607
37045397
39003987
36960272
38889578
37186352
39084455
36991498
39326000
37430383
38933340
36688927
39236348
40032435
37759840
38607425
37438751
38907515
36576039
38624450
37384358
38837512
36830355
39277243
37186455
38856034
37002406
38899372
36886726
39076153
37069280
39002552
36891002
39185910
37179038
41332340
36999011
38650458
37135758
41653423
37145139
38945782
37124382
38456473
37132364
39110323
36689068
38992451
37105614
44671341
37408699
41682395
38903185
37662865
38668626
37286484
39024295
36580937
38422908
36684861
38849209
36569273
38919706
36711118
39085506
37090608
39083143
36443353
39327786
37406484
38855632
36388536
39150834
36755035
39163620
37035006
39011799
37160274
38991489
41355427
37959744
38713156
37460371
39135381
37330088
38995749
37199687
38868881
37008623
39171321
37420109
38870867
37073293
39211403
36965569
39026274
37130077
38834146
37592594
39643941
41230951
37527171
38505759
37542667
38791589
37838520
38986709
37490253
39599804
37151183
38927878
37217214
39046979
37036137
39123800
36995547
39046971
37160643
38749006
37218739
39282947
38743373
38275748
39203366
37525728
38951886
37084331
39433051
36864648
38784461
37027648
38968660
37109260
38662243
36988490
38700815
37099916
39269990
37435794
38821729
36498304
39728296
36552236
38955396
37157828
38547312
36927871
39021947
36825206
46742337
37015600
38843245
37256338
39183630
37081418
39131029
36830386
38563685
37093867
39135899
38048912
39129938
39096250
37394210
39167778
37774311
38774830
37065322
39169407
36841431
38944633
37156198
39346797
36793837
38916798
36882458
38713909
37206507
39799109
36866425
41462283
38772422
37712824
39163721
37348676
39451332
37522734
38821106
36928234
39325012
36768353
39075870
37547028
38858464
36800245
39106646
37151822
39364053
37167993
41319974
39014008
37831853
38483791
36910059
38912194
36843643
39064230
37107263
39231989
37149076
39302230
37076653
39162292
36804151
38575637
36810174
44089201
36393789
38612241
36813715
39122531
36820946
38905567
36905331
38795934
36843232
39162375
37118463
39428515
37486323
38883150
36831980
38799191
36704159
38941528
36743165
41003822
39278730
37868064
38553534
37737361
39206011
35936283
39685530
37454094
38985753
37368108
38904411
37300735
39030245
36883330
38955296
37130422
37936572
38730403
38269039
39437576
37595557
40158254
36910481
38966985
37088871
38766908
37167917
38639300
37160368
39341833
37090360
38565465
37398229
38836896
41322005
37710625
38644712
37118137
38024237
37553987
38922693
36420473
39067653
37556247
38555639
36981461
38882123
37464684
38839692
36848696
38896550
41063055
37729534
38238020
37766105
38459748
37352770
38613614
36875099
38747877
37035856
38880630
37181101
38688053
37192351
38707865
37069462
38988253
40793941
38311048
39027012
37615973
38374585
37339325
38633929
36300529
38599170
37578101
38601200
41941333
38902373
37412423
38454630
37647613
40809421
38518465
40253095
38372752
37011820
37967864
37042147
38398319
36943529
38747465
36713751
38695601
36944936
38257953
37298953
39097447
36912446
38581927
38985104
38082169
38655354
37526370
38369845
37071193
40754603
37223402
38269136
38015803
38048502
37281640
35226221
37568546
38122515
35470407
37999387
38560525
37278497
38416742
37492992
38830923
37192338
39042141
36886201
36530110
39384366
38119256
37949325
38432666
41271010
38185340
38746302
37438453
38628208
38054195
38732797
37469873
38792716
37780789
38232960
37361838
37608892
36598821
38481060
40136147
38305014
35168115
38224257
37290394
38028838
37215938
37876553
37194541
36476101
38680559
38611319
37922191
38265210
36541014
37857611
35804058
38614966
37345472
116715942
37162603
38663150
37118285
118147276
37835210
36143020
38468050
37049257
36701634
36158227
38397267
36124742
42484165
35250118
36342002
36649692
36390426
35384392
36615251
36985135
36282090
36431177
36386472
36343579
36615852
38856925
131633567
42114994
36344119
36003237
35886095
36022225
35757405
36359018
35651021
35478773
38553761
36191263
38459619
37924350
39121125
36102974
38760377
36606089
38811218
36778202
39128880
36182821
38812404
37111740
38467614
36702346
39086486
36890229
38738018
38871929
38063945
38432314
37512533
38237737
38911177
38742930
38547284
38333648
38741378
37154436
38816087
38935620
40726425
36973203
38580516
36253212
39012615
36886131
37755950
40405358
39189717
36335301
38523224
43041196
38893027
41298139
37804085
38791229
37317332
38506895
36672076
38874484
36889102
38468917
36764929
39295347
36940098
38518276
39005395
38776647
36623340
38931869
36280589
39137538
37190236
38674176
37217452
39099308
36415002
38811483
37006555
38676714
40960882
38375298
38419924
37141268
39175180
37222181
39174598
36801784
39271337
36737132
38933530
36730572
39026654
40655856
37520359
39096042
37792154
38723739
37366399
38870616
36623157
39257052
37075960
38914025
37166068
38801273
35949571
38732604
36332124
38821962
35771784
39535700
37318916
38996286
36831831
38377466
36935947
38791573
39054946
39167965
40853463
38478741
38661835
37438126
38311085
37574971
39020725
36798075
39014609
37135165
39022998
40899344
38242045
38841216
37697512
39024176
37253950
39151561
37476528
38707839
37112551
38795767
37049949
41482377
38608845
37353112
38637845
37536713
38468838
37972369
44943105
36762263
38796672
37156514
38872535
41294403
37745816
38795511
37607976
38929878
37782798
39161209
36749540
38750568
36843541
38584066
36815023
41291418
39126368
38179329
38856172
37511371
38450524
35923964
38163283
37248604
39086027
37105421
38809327
40959128
38203582
38716041
37543328
38533629
37226203
39127495
37354990
38689833
37130738
39091562
38145539
38651619
37121911
38943892
37021674
38700911
37953294
38874490
39046674
38622045
38611874
37739802
40894155
39024480
38411276
39114119
36491006
39063566
37397490
39014583
37265981
38691650
36446201
40719812
38603930
38194418
39421708
37647094
39230387
36828583
38570737
36960955
38853856
37254753
38985010
38664218
38357482
39191817
37568815
38766296
37037095
39028246
36990503
39029533
36982043
38252440
39020604
38754999
38657923
37680384
39088419
37871820
38685313
37447056
38606091
37128384
41142274
36599939
39041824
36933652
38473781
44153510
38599217
37103908
38664542
36491424
39062472
41314188
37817312
38940547
37353339
39106182
37391418
70235228
37289661
38696460
36971936
38700802
38871762
38365011
38642157
37483348
39049393
37573674
38897679
36624892
38695813
36869541
40742747
38781923
38242126
38903936
37873791
39106366
37117577
38859092
45795571
38704269
39297412
38481951
39063610
37765368
40728287
37251782
38817348
37156022
38996779
36869548
40973666
36973237
39558128
36699217
38742430
37273551
39155239
36786296
38998161
37197043
38931833
38904355
38148402
38445513
37486459
39176897
36802941
38808478
37241602
38899362
43342255
38690583
39118556
38336894
38844646
37887774
38295595
35792830
38933658
37268539
40274729
38418919
38921892
37267951
38932070
36963851
38563316
36007418
38531436
37182007
41275761
39131289
37735572
38526626
36067369
38889563
35658525
38341683
36515989
39163740
40859443
37852077
38963234
37320867
38924044
35464913
38626239
36759587
38963664
37056379
38599711
39048342
38832027
38795079
37280712
38601934