Kafka 3, zookeper 3, Datasize = 8MB , consumer threads = 3,  num of messages = 1000, partitions = 3 , replicas = 1, values in nanosecs, second test round after start server.
292065023
220692298
204349688
211814430
196510557
196725733
189273279
189936839
191699777
205603883
187427895
192479450
190099115
192351489
189492022
191613786
193092235
205055814
202889592
199837154
200280459
211533842
205297295
188789727
190710683
195319362
187924393
190484471
193207486
200508627
189080272
190994421
189741998
191874818
188674220
186987724
190944808
189487996
190402763
191610973
195437805
188429554
191579232
191917926
188878821
189467122
196627921
205266855
190385720
189760736
189873595
195754976
185570802
187196400
191852098
189080481
189414445
190183704
189496309
209688048
190552077
190161089
189805464
190819240
190909496
190988495
189558324
190724368
190601323
193264290
189283118
189771518
194902354
192286393
197670195
199287752
202985601
201753089
199151514
200508670
198727579
199995382
199745501
197300596
189046444
188680481
189895795
190263760
187430855
191735627
191885229
188501852
188931844
188915611
189943306
190529697
190352227
189965717
187820189
188610965
189228121
189880222
189201049
188044473
189258338
190585361
190388746
192095406
188837955
189397208
188792080
189769019
188100777
188618289
190588148
188398470
189101643
192338483
185894472
189071936
190321760
193954953
186315124
189687642
187442144
187270890
188896511
191655404
191058992
197268916
190719868
189140483
188569753
188781950
191502491
195803099
185806717
189120771
187746686
187884232
189459662
188754569
189237035
189725172
193795121
186236499
188350650
191492436
188261199
189340615
193051058
193160469
188982321
195098152
186641317
188450258
188829641
188447252
190585409
189219126
189029781
189439104
191309345
187325071
189539643
191257558
187840279
187508199
194767754
189446221
188083972
189691667
196066655
190737207
190028761
191832130
191777328
189583216
188542659
188528115
188420246
189790598
188857271
190147929
188568930
190054936
190353830
186301241
189164225
190557093
188995972
192327997
191960520
190305365
189992412
190090832
189904453
191296032
188414349
187979631
189713275
190182111
189352468
188407456
189741828
189764637
190650365
189683586
188940597
188756805
191043119
191584899
188974479
190319272
189225951
187592087
193166659
190049272
188570097
188103492
189077053
192531392
189046074
188975282
188794577
189070736
190456797
192792816
188881633
194016537
193096614
188888271
195498505
186185492
189979349
187925739
188652359
190917073
189653719
188246748
189338089
187238699
188137198
187823624
189707193
188852879
189280527
193132354
199277049
186552730
188170004
187272604
189683223
188320634
190480982
191220990
189509517
187885206
191505559
188102122
187960572
189364473
189882469
189698970
194640590
197457723
186775795
191915211
186365438
189449154
188883220
189005435
186243434
189925769
192480924
189385941
188651568
189823168
185869514
189722459
188087974
189086428
196828197
188607882
189020006
190298730
188463241
188926649
189692887
190546514
187359368
188881533
189037194
190467333
188897729
187478171
189681885
191990128
192511631
188757866
188742613
189435729
191050688
193759345
187624408
190437194
188750055
187691823
187551389
189113595
188672680
188590218
192135066
193032028
187107030
207402089
188482775
193025613
189081614
189766772
189672541
189425082
189576554
190390291
189120850
205858127
210829894
193070204
194933146
189891061
188688322
187746899
189642045
190005552
189030756
194675208
186564260
189011807
187188071
189473338
189766364
189307958
189613860
191011075
191885266
187008452
188883769
186714586
190032229
188434620
188694947
188564434
188526644
188096002
188988844
187329663
187300230
189981514
188229679
188999656
188061978
188798330
187345250
188092757
189396930
189796720
190316508
189169819
189030021
191489713
191212346
188269945
189138940
192608956
189553164
188309197
189706951
190588395
187892305
188393746
188802808
189703762
191923294
193597619
191247686
189922642
186291786
187536868
190543760
187140480
189000217
188496836
189687424
188550465
188983071
191086085
189254020
188773211
186955527
189309572
189377634
188704327
189824308
187936822
187965922
189400219
186094961
188163700
192107469
187694525
188368451
189673407
188239351
187469081
192359602
189647943
188191318
189204830
192834448
198822778
187717008
188048901
188426118
189477424
190246887
189801828
189860406
189138692
188017575
188053999
195149703
188145571
189568779
188500574
190148205
189756819
188327754
193232573
188082488
189549096
189672735
190234238
186740472
187168614
189410323
188418053
189160140
189038095
189199811
189232617
188933702
191573326
192979000
190359556
188506562
188859797
189211093
243307902
389094525
215037714
187562838
201887887
194368837
189268885
187987322
916791583
647737772
254114068
476972635
262088130
215337457
192128741
201762516
194893644
190716822
188112113
188681708
189699223
190031096
189369012
189285615
193828595
191130794
695809570
232111745
453873235
250322379
202311867
188376804
190707626
196087325
196584967
189166816
188820300
190610872
188281012
188370043
189055296
194066916
189547701
192644060
189339711
188171774
187555551
189101921
189230471
192506153
197155105
190987251
197422894
189471624
187711516
188832277
190610389
188850436
188901296
195064012
191411478
192112858
189667995
188197959
186724347
188800807
190616021
192081642
198401674
192761963
188890094
188904886
189444538
186997298
188914735
187896929
189200497
194389586
186877237
188735401
189073447
189396633
188078883
189632718
193314535
191885618
188907634
188588344
189433348
190175737
187462593
193057334
193713878
189630732
188374508
188622222
188089823
189152513
188764638
193125856
192911020
191608432
187686266
188049097
189480056
191506409
190087436
200804075
189699816
187991134
188914252
189258820
190938913
194467480
200432916
190720360
190520327
188934532
187551621
190126691
194878509
195939603
189919442
187868191
189351939
190537289
188418003
186310050
194128771
188834101
187797583
188538212
192102026
190769984
193657639
187461671
189269220
187715063
186362111
188696272
191832902
192558087
188871841
192728828
187380864
188660560
189391591
191161624
187369044
189882224
188918138
187863669
190128697
192171137
192396040
190093322
188085832
188755964
189482839
190815240
188324791
193493739
187013791
189594358
188715544
194044897
188373113
188677672
193653111
187909279
193153012
189851685
188958656
189072325
188386707
187874838
196278509
188291545
187945477
188783995
191566238
192455378
190854856
189578732
189417839
193863174
192854473
188559925
189831714
188826054
189110929
194003308
189283707
188073983
189877660
191288968
192149649
189488798
189608534
188334060
190473896
190165170
189067542
189330476
189221817
188103168
189721483
188760033
188472612
194205104
197921211
188497343
188499062
191006428
194085015
191365817
187751690
187534798
194899083
203744653
188471548
189213927
189143787
189221282
201405989
186127890
188719379
189440336
188568773
193247634
189141710
189743165
188876855
200079342
201337988
187786132
188786597
188944503
193154902
188249423
198377598
195792807
189727048
188985487
188948262
189011570
188940142
212356195
190001781
188670969
188512819
189316128
189237722
187594658
203265665
204280145
193836087
188892394
189043501
190166256
189780913
187540438
188507507
186804196
192719765
195935556
188479316
189122723
187656081
189917253
189913677
193819827
197553403
188208937
187727348
190145945
189318016
188745857
188853292
187727055
189394791
203519837
189821669
188610227
189240425
188528240
187303141
188488838
188483708
188912500
191009806
195469743
204318018
190625000
189526377
187045936
188914648
187444161
188143548
188708422
189522336
188968843
190465748
202184526
189056544
191330317
187727103
188549740
188653829
188369947
188959832
188817436
193066708
191305231
191045206
197559922
212232031
190043733
188577977
188680831
189408354
187725916
191440690
189820824
189392898
188806841
189929140
188893331
187516292
200181383
193014109
189506233
190142337
188321796
187092533
187486133
188717379
188929730
189539640
189474602
188660583
189135826
192370573
194885808
189969539
193526144
185795142
188685861
188027817
188335860
188919465
188466116
188377581
192288601
199570511
205598881
189715288
188506152
189066640
189807207
185773197
187252936
189836498
191986014
190524244
188248478
194466470
199494501
187023084
187696213
188581324
189332669
187146903
190583918
190138590
188300016
187033409
190040782
194800486
198200675
189648361
189580712
188465098
189699842
186535252
188040503
190100459
188617736
187498007
194960114
199856837
189582474
189220850
189038070
189148916
189275211
186854649
231523935
189785594
186669077
201466589
252993619
519764382
226172375
194853589
187593259
187327617
188907054
186172045
187945804
189318770
197867834
196557638
188843306
189821038
190935556
190294859
257667228
381100350
219534068
188272175
422056402
222867431
191795046
188380182
189968213
189581877
188154191
189712466
189753071
189755162
188544971
190210816
194707473
187636742
189043264
187156383
189766224
189083562
188633894
192177058
196143421
196338640
187255376
188761012
189114615
189258079
187747452
186286068
189800854
188884293
189465497
192559417
193354137
185860646
189010438
188822876
187927298
190918755
188180890
185556432
188399520
192443377
190807629
188946131
186781962
188350363
192321559
193058011
189301671
188863792
188360618
188482131
189452444
188724416
187084553
191760771
192539067
188668252
190255846
187395275
188473924
188368092
188159795
188750523
199148692
188814059
190974946
189663296
189076170
188834530
191272449
190662960
193492845
189661045
189950309
190258726
209966209
189766541
189149438
194113761
197410925
188322787
191178195
186358568
187981238
190062318
189047282
192715777
191434159
192139081
191243949
189649432
188882180
187894483
191205101
194439043
188460234
190130484
187537266
188396647
189463952
198424078
192396542
189960673
189200391
189032061
188949115
188224213
188732285
195614876
194815792
186231205
189902781
189529275
190530730
188872929
189293881
189766734
191429791
193541778
187367344
187719963