Kafka 3, zookeper 3, Datasize = 8MB , consumer threads = 3,  num of messages = 1000, partitions = 3 , replicas = 1, values in nanosecs, first test round after start server.
320425293
215129985
208188267
211763751
195630508
192733545
193336650
191966564
195416667
216170466
189479272
191081404
193484972
192796677
190440796
194183027
193934752
190707674
192179438
191026999
191088635
196500135
205629059
192220600
195114909
189219313
190133069
202030437
200942322
189677811
190561602
190236173
188817905
190817233
190541191
198003972
191969690
193511336
195539085
188503389
189731436
190723724
193611819
200389250
198847541
200579002
204220789
205034112
191794682
190979018
190697672
189857805
189671728
194502663
189581558
190242553
189951848
191091124
188523048
190230546
189643866
189712475
189686685
190686428
189094997
189530380
190181995
188284323
189253809
191619126
189511667
189333397
196855035
197750652
199208255
200522939
198680158
199127031
202826959
197853619
198610606
201253291
199643905
202073176
208889789
192931412
191407098
188899391
189764455
188599470
190040015
189151279
189049308
190991453
189487327
187808471
191121382
188782643
186961130
189711180
189971516
188404424
190856373
188979577
188409438
190541030
189808103
189910624
204355654
190704434
189110753
190169742
188657096
189436932
190739207
189937736
189163555
190044392
188195854
189724851
190696877
189600124
188495773
190567268
189314199
188734436
188949310
189608484
188689295
191841001
189061268
194392114
190904827
189465990
189304286
189990499
193614377
191783685
193115589
188037682
189450420
190186090
189506077
188938673
190226617
188519635
189382274
190526275
187806181
188174568
190490510
188258568
190388814
192932640
190103149
189764802
189914014
188879236
189543149
189637572
187998375
189133537
190100571
187830777
188684081
194428198
188862510
188237468
189169649
189809243
188410488
190060239
188583502
189347129
194214000
189629567
188253432
188703049
190470286
188686518
196022368
190129128
188999329
189913357
188713915
189460324
191382069
192150966
191947586
189712549
188815306
187512302
189734646
189183974
187221957
193968925
187794518
188637396
189174219
186998489
188068573
191081803
191349327
189425386
190009828
188737448
189345394
190510091
188073973
188908140
190362380
188557180
189448960
190930914
189011348
189716829
191046099
189008202
189635216
189881326
188832524
189091193
190659638
188813789
187700465
189285615
188047604
187750787
189684169
188555366
189239257
191996486
188756155
188793163
193043639
192524977
191845402
190486795
187475509
189062504
190564994
188884524
189492284
189127105
188332413
187455538
191234729
186708667
190988469
188528863
189187117
187752068
194686090
188813691
189806644
191781224
189088337
187567874
189954174
188916981
189053765
189577612
188391643
189992949
190910017
189177590
187722857
190272816
189755718
191087842
187849058
189222362
187697296
190041695
188321592
189205252
245679772
514809422
211709883
193176349
188538529
187152290
189621589
189281269
187696293
189200216
191182473
189167328
190238704
189460403
194159979
200197968
189027017
188519688
190433363
188396945
188433978
190415424
188996169
188892436
188910244
188236490
186674901
194226341
189760549
189927245
190642496
186833064
189657699
190463000
188569896
190169375
189771702
189224991
188041116
190159119
189136011
187677224
188699300
190335606
192832834
188373071
188668200
189175781
189760813
189630359
188658041
188932321
189219504
188806363
216382259
186667638
187687856
194555217
221030742
211958295
189642329
189281748
189936583
196194057
187645116
189730039
189444741
188733149
188375755
190747350
188337716
189415110
190327031
188886255
188231957
190469537
188958657
189000139
190233106
189540849
189460311
189443339
187034868
189068232
189314756
188517139
188039766
192223098
188785514
187605752
189893887
187914563
188163463
189777625
189464380
189385740
190235263
188984250
188106988
194171386
186722406
188720978
194338342
188751791
189171618
189510225
188666609
188751430
190419406
193597583
191917652
190540665
189799762
188333695
196154168
190149259
196923170
187627441
189519123
218332996
191103059
189049073
187636052
190292827
189676147
189063620
189636396
187097875
189553819
190290314
188144490
188749847
190194633
189668304
188506454
189933000
190073254
188553547
189062619
192256423
189789259
190389375
188503070
188382927
190699074
189298398
187830847
189912366
189258132
189173075
190174638
192221128
189836333
191904252
188306565
189160750
190056064
194553697
190326956
189786797
190130821
188665570
189273370
187827024
193451808
188209097
188331602
189761941
190449955
187679607
187645519
189848646
189616967
187487590
191260649
190506763
188846327
189684361
187541906
194186698
188814213
188752627
189121565
189521055
189706019
187621745
187311460
189063293
188280758
189467971
188586066
187048652
189898321
189207602
187033876
193792004
190182544
188097415
189069197
188968181
187782534
192123132
187208336
189187652
192060120
192802544
188974765
190079740
194136503
192227158
190153734
189248995
189682084
190731029
187123337
192460772
188968561
186853517
188223967
190562418
188811925
187421605
190642727
188947498
192964705
190841715
188509146
189749622
195042578
185442067
187930736
191433303
188952038
189950491
187966585
191554571
189220092
189824978
188264924
188878555
191527323
193834937
186420593
189162863
189538685
188085547
189375515
189004313
190040961
187569290
186680473
194497017
191024694
187706621
187933090
188292561
193713991
191184766
189483787
190118035
191311757
190133201
188521382
188532268
190176921
187185536
186760859
191991430
191987710
187346344
190175582
190008927
188357532
188784193
186603365
189504777
196678084
188905310
189012466
188201523
188230977
188663534
190076231
188886859
190910200
189526560
189467471
187225516
189903667
188638302
187813881
192479170
189058498
188322995
189979553
194775577
186199429
189055384
186767245
191130627
193637891
189072619
187738500
189895280
189130302
187758027
200382402
190150935
191412390
189549655
189944700
188814766
193408554
193530768
187963108
188914918
187908758
192838738
189634433
189127258
189136375
190700267
188455582
189717169
188762333
189863259
192536775
190244322
190070343
187280833
189134475
188673057
188699352
192236078
188040228
187766906
190025255
188712873
187411668
193725224
188128447
187225403
189677355
188871713
188108403
194138044
187795272
188151865
188999429
187908079
188068177
198072381
189184320
186900590
190501150
192211434
190683604
196463517
188677096
189030798
188565916
187410970
193736007
193723085
187373630
187319779
189727452
187642271
194562918
188684693
188526305
189565708
191705750
195124749
189786254
188451562
189427327
190326365
187962740
186175610
188812825
190327966
189710696
189110020
188430352
336337664
234356032
203087828
186099969
187133162
189611793
192862362
186307339
196340540
191322874
189581855
191356464
187037588
194931908
194669878
192616893
186967096
193906413
195238285
187655000
188996849
193365824
191431349
189647028
192634211
186710209
191557089
191960528
187933549
191834918
187763256
193437223
190868820
190317866
187674627
189564834
187420927
189593551
189201185
189472071
191591783
189330798
187108231
187237378
194073035
188640565
188811048
191625203
192491127
188940273
188539591
188703666
192790092
191455352
188519246
188532945
191586537
189820778
187593150
189494441
186074682
188492399
190439890
194364527
189503903
191629210
188263178
191597014
190275760
197414326
190127764
187601726
189554562
188425692
195111243
190625260
189431993
195411218
189831134
188034906
189339375
194739029
186147026
189322268
197414981
190018742
189132293
189740866
189008425
188882572
188174323
188382832
190262668
199086782
187327565
189620419
190214329
191278323
195597635
189635810
196151371
188869441
188802996
195391339
191166659
188389541
189492335
190256071
196136604
195288611
189029671
189220746
187927534
192031663
190395296
195723306
193014425
187127516
187968275
198779250
193654728
207025111
205034544
189442226
189476771
192001934
186380419
189326981
194339980
205106399
188441631
189148356
189291894
216536811
191199703
188349808
188638676
201091318
208316792
188984155
189776674
187998927
190831832
188836310
189477797
188605953
194491491
195299235
188759984
190154674
188157171
186026471
190881263
189173095
192173468
189286006
192986721
212566799
189636776
187367715
189136992
189370735
190566857
188899357
191928322
189561547
190493221
188352602
198830658
192355950
188857355
187969310
188951357
191595556
188579072
188841056
188626224
188762058
186744027
194417720
204471596
187644017
190609628
187892049
187782074
190465308
190119659
188068633
190069809
189300661
187605499
187814058
186905933
202296007
187550847
188630300
188851067
188068089
189125164
188496309
190864055
187528487
188791961
188982045
193611366
186627248
188815067
188630021
187526126
188956846
190040402
189428354
195092234
188114395
188367632
193396906
192540439
187841841
190120466
192314702
191983412
190347035
194412652
186649225
189581732
189359210
188407776
194767711
189032830
193230072
187169837
186191170
189684488
190840591
188862472
189193982
194639554
186422628
187785360
189436142
187078827
188244775
189739657
194584475
187115575
189341399
189626878
187728531
192863626
188695752
188389368
189188370
189341941
189344591
190414085
191028717
188577092
188957435
192910904
188487969
189741569
189329925
187690892
193203122
188661384
188359196
188838086
192881030
189629537
190534798
189700530
188646203
189271080
190540480
188592923
190669179
189869383
190563259
189582693
187113819
192811973
188149086
189294355
188105951
189736448
188519990
193891870
188785373
189241162
189055067
189753032
187585000
189841248
190423871
194285056
191082584
187879710
187456960
188212727
190181224
189037900
188302332
190671395
199622922
187011959
189396195
189506432
189846271
190162164
187661018
188582049
192319586
195278663
186258816
189295488
189048659
187814700
191183653
192673409
193609115
194186541
188280435
187344260
189798495
189192908
189377114
189257181
187110128
192038792
190346172
187647374
187998900
190494486
190110652
189069163
196207114
189454453
188779447
188504323