Kafka 3, zookeper 3, Datasize = 2MB , consumer threads = 3,  num of messages = 1000, partitions = 3 , replicas = 1, values in nanosecs, first test round after start server.
198160122
55421005
52724058
50826175
51227686
50536205
51677043
51718270
52299246
53471291
53643713
52669320
53993428
54129136
54095928
53908272
54228152
52513959
53636901
50606404
52280573
53253115
53527625
49824275
51023793
50101427
50117843
49857476
50019673
49679410
50304702
49921323
49794479
49695142
49578932
49581536
50131937
49272697
48782152
48772304
49303788
50217754
49663853
58858233
50544112
48924178
49363257
49637182
49635023
50099695
49101846
49482023
49379467
49984517
49175885
48883653
48826153
49521825
49241735
49177688
49081695
48464022
49641234
50465865
49158079
48898258
49068271
48496824
57197924
48261492
47981018
48954613
48418545
48376184
48106115
48410156
49150617
48836944
48918993
48528962
48409340
48742026
48878689
48434426
54921263
49104341
49022087
48493121
48861978
48360497
48382456
48771383
48521957
68399494
48572319
56516448
48878089
48279601
48275405
49311435
49033996
48666690
49433881
48727400
48561707
49213021
48568052
48547416
48685811
49050096
48637198
48860708
48529753
48327802
48621386
48886786
48388076
49032536
54182931
49008583
48403396
49096865
48832869
49102053
48894564
48403149
49018702
49744216
48733535
48627125
48982669
48744706
49132722
49057588
48469194
49011077
48374661
48452461
48642672
48268512
48782804
48561166
48919760
56863372
47682233
48043251
48154353
48232452
48074652
48529567
48503438
48954464
48813424
48705050
48727208
48059008
48186689
48049312
48402733
49059459
48564464
48660699
48592821
48041538
48681793
48287563
48765992
55532105
47940540
48140808
48704553
48481273
48295940
48142740
48451638
48314289
48256129
48497788
47904044
48401142
48742578
54013634
53777945
48675832
48922397
48406555
48647178
49266983
48525885
48755075
60591119
48350495
48881027
48546738
48760135
48629968
48551388
48691532
48483099
48529242
48545747
48317628
48334193
48278673
48771191
48688151
48960072
48350442
48491463
48314633
48615821
48844587
49064075
48273263
49271887
54156278
48453899
48773644
48429984
48192156
48157851
48844966
48569854
48380550
48636859
48755945
48544679
48355141
48463301
48537626
48667190
48889519
48862811
48433061
48196231
49156713
55726914
48442183
48409117
48284585
48144530
48584875
48241403
48975838
48543811
48426826
48192380
48367976
48434297
48054932
49021477
48507991
48507956
48747513
49629256
49846000
48795823
48034914
58298340
48298955
48296363
48882057
48580885
48675314
47704878
47640509
48126456
48291119
48292194
48532264
48861170
48568701
48912472
48386628
48209755
48366259
48182774
48186752
48280681
52005445
48679680
48498995
49050722
48511977
48219886
48028314
48427249
48130453
52887390
48784711
48373437
48507257
48594674
48335517
48019757
48152715
48246502
48348536
49047017
48288380
52727035
48596849
47876958
48492216
48375203
48336187
47803970
48846685
48293371
48687692
48441310
48304065
48808056
48277869
48360095
48518469
48199042
48160812
48379407
48323813
48275824
48546376
48580946
48552705
48413130
48291456
48294128
48377441
48704294
47998414
48418171
48568676
48364965
48307484
48567539
48204313
48031372
48786235
48216926
48315910
48570445
48511718
48514868
48466357
48591076
48406284
48579554
48340626
47879383
48120079
48032076
48467193
48478815
48063654
48764362
48298661
49092811
48532590
48668708
48293906
60534416
48554758
48035940
48300869
48600539
48365806
48392473
48662588
48409024
48230406
48457563
47857883
48911812
49039389
48124278
48761757
48352988
48291419
48237573
48631809
48920260
48610471
54195163
49076976
49050704
48217742
51982841
48176147
48705988
47947601
48811427
48603711
48497196
48453270
48394057
56675481
47932266
47067352
55454409
48802775
48414814
48694946
48068077
48902576
48161122
48181993
48685667
48019013
48024353
48714361
48324308
48383280
48453052
48336628
48145480
48484792
48272630
51428424
48365964
48603249
48654240
48259591
47862069
48526088
48179280
47951492
47774181
48993961
48221857
48360562
48234194
48459641
48265715
48176185
48197916
51880017
48333925
48434661
48832551
48451059
48249263
48500304
48242125
48103324
48354924
48325374
48209721
48282094
48514416
48645956
48320304
48630044
48545801
48691465
47784095
48716678
48504852
48145031
48154766
48180949
47970190
48142662
48242401
48554571
48204043
47940429
48539265
48608669
48076300
48203959
51172391
47973385
48730272
48559075
48114510
48456445
48221067
48440373
48572877
48260502
47969229
48540165
48191409
48656777
48484079
48180752
48340401
53535144
48299246
48167589
48511503
48194546
53364681
48447793
48380904
47951355
48434715
48276804
48215210
48906265
48274002
48030862
48388417
47968359
48298971
48440353
47076784
48099343
48293656
48447964
48978972
48878657
48116477
48284210
48236746
48278848
48022941
48386287
48085862
48803024
52000814
48639984
48023913
48603848
48607860
48535955
48588664
48006612
47880173
48586649
48610876
48309379
48160268
48505634
48379219
48448279
51990519
48611182
48299998
47898986
48656822
48225724
48251507
48016144
48306357
48144525
48591257
48237960
48186501
48246086
48456498
48110081
51714275
48524286
48535294
48404821
48478709
48318212
48210316
47999376
48403542
48790338
48838026
48256964
48507187
48249659
48134366
51226599
48657052
48072296
48297681
48854330
48398873
48325264
48542421
48018590
48206938
48471906
48483862
48355945
48152488
48344839
51197029
48332302
48382483
47602817
47451913
48304843
48544705
168362230
68948600
48199771
48226039
47634761
48514406
48206587
48326580
52319398
48313058
48148615
48136222
47989823
48430756
47982709
47874826
48251428
48643510
48360746
48166026
48166325
48774482
48109130
53426197
48354177
47908397
48844174
48154973
48204277
48675363
48011979
48210055
50892715
48471491
47796691
48829956
48468144
51686960
47958715
48300585
48163634
48134382
48403466
47971404
48658391
48131921
47902032
47942243
48247884
48044990
48092117
48204910
48507375
48674522
48361312
48620404
48388938
48369189
47916531
48316177
48213622
48235002
47933827
48839126
47991510
50821099
48624235
48137841
48594069
48619186
48289004
48370964
48149950
48197540
47915981
48342650
48575303
48213856
48622492
52047317
48422244
48157257
48200145
48354616
48020924
47931501
47608525
47590111
48315900
47930935
48692760
48290996
50761330
49168355
48495593
48227385
48342224
48506539
48640736
48149978
48425220
48683239
48168362
48135422
55444332
48581614
52807263
48748284
48681670
48871403
48317815
48357835
48121426
48513866
48605437
48760516
48530807
48380934
47978055
51952650
48468406
48238389
48532353
48068883
48069761
48128655
48217705
47963269
48247101
48392823
47845943
48573720
48143751
48230662
48232724
48353064
48286101
47976158
52210041
47782115
48064923
48355816
48332813
48209052
53220212
48442608
48748509
48333352
48303558
47772469
48336321
48252342
48039555
48305384
48330890
48352173
51974451
49001946
47779287
48562340
48400631
48145846
48323540
47957619
48153194
48265444
48115866
47817110
48162945
48259379
48373301
48668062
48549167
48611196
48282426
47993291
48748223
48248905
48376095
48712273
48219193
48586905
48673657
48414413
48260526
48131816
48550659
48230196
48484488
47875316
47644855
48103107
50757094
48633455
48722663
48529305
48540278
48615368
48137770
47881312
48102660
47905411
47978042
48601825
56145901
52531946
48421644
48218134
48199100
48372967
48246582
48014503
48286689
48406145
48326650
51476667
48744828
48373081
47820326
48624296
48109852
48546140
48296270
48143848
48596314
48100019
48076464
50759497
48474896
48655506
48847774
48182998
48392872
48361963
48050560
48373374
48814468
48483773
53005813
50739499
48696223
48400106
48556783
48137613
47794803
47920169
48229748
48364769
47823098
52268728
48470864
48790243
48356107
48019747
48232196
48227453
48409308
48361017
48367853
48239017
51083200
48256013
48259622
47542685
48431719
48308826
47766431
48515817
48609983
48346398
50917435
48080417
48589025
48315375
47919720
48100713
48166988
48702702
48548568
48456798
48159808
52632744
48258155
47627275
48269102
48582607
48275554
48834099
48047956
48301992
48250552
55333533
48649859
48603337
48400698
48249555
48603871
48290664
47990512
48525328
48226309
48033510
48199395
48321234
48176327
48769876
48351562
48122349
56364708
48130117
48146535
48178216
48328908
48796017
48253479
48860146
48592198
48437896
48096045
48293550
48658341
48395094
48387068
48645607
48579239
48708643
48055579
48655416
48519116
48111154
47899311
52464550
48557898
49008190
48206490
51063630
47979424
48419482
48272316
48225839
48561813
53116237
48576462
48431719
49015839
48603155
48204462
48429176
48756909
48629223
48428010
48724790
48393217
48412440
48714357
48320740
48325690
48621483
48332719
48349435
52838349
48658848
48472005
48680794
48320054
47853349
48602844
48539313
48567440
52111973
47801159
48323390
48529281
48651022
48041899
48605567
48890672
48817648
51616641
48752597
48669150
49020641
48051229
47912533
48683210
48458454
48498061
48833192
48413797
48509313
48755767
48624922
47880866
48393233
48159173
48416591
48512687
48556796
48673477
48968842
48606513
48217387
48520539
48324976
48505370
52329213
48481481
48675090
53094251
52616772
48360738