Kafka 3, zookeper 3, Datasize = 2MB , consumer threads = 3,  num of messages = 1000, partitions = 3 , replicas = 2, values in nanosecs, third test round after start server.
204553707
75010471
74004160
71847319
72509749
72179228
73907189
75214202
74803971
74179188
74989993
73725366
74523796
74676824
75251682
75481467
77909464
71121086
72539246
71173133
73235355
74259256
73525841
72180893
70564017
71255092
70220109
70416700
69889825
70527895
70103545
70572606
70368978
70717049
70721808
70718801
70976323
70322672
69669880
69869839
70833361
70852706
70699851
80351762
69586504
69986202
70636599
70425604
70132236
70274320
69901186
70377441
76148958
69794394
75199493
70158037
70188972
69746882
69817009
70152933
70233624
69943816
69974988
70862557
70016696
69929167
70222031
70365698
75711734
70795535
73250942
69798792
69849375
70180868
70243782
69832159
70801417
70029302
70326206
70072763
70213579
69791934
70418037
69884432
70456540
70494931
69928775
70150821
69339876
70352869
70331561
70096343
70025009
77348325
70641549
70145236
70212641
68931056
69889135
70167177
70058374
69350125
70067309
69693181
69560917
69943419
70222186
69749404
69873916
69719163
69889183
70345966
69968938
69951955
69579590
69727998
70175350
69159435
79582414
70058644
70420713
70121742
70117728
68660994
68900202
69866017
70872502
71118623
70065036
69782939
70081427
76799693
69678546
69891545
69768400
69594913
70483703
69823857
70338187
70057282
69440729
69989403
69554214
69429886
70107344
70041598
70170302
69511225
70174514
68558178
69661884
69599688
69847757
70307502
69680678
70400220
69922752
69446855
69900865
69417884
70243581
69499463
70081748
69765339
70135120
69642766
70123426
78573990
70133656
70371428
69859917
69937878
69628017
69878855
68822910
70007222
70402943
69738244
69953385
69539322
70263448
69456079
69842103
69796540
69537228
70044113
70280940
73717926
69869078
73962664
74862126
69255537
69748352
70330378
69782283
70020629
69504569
70026574
69499640
68813341
69856893
70635189
70055465
69348553
69889616
69945681
69781578
69732980
69531880
70024748
69560822
70136289
69970228
69515037
69677191
70038124
69838262
69978496
70119638
69424477
70022648
70112909
69801243
70233820
68872965
70252145
69888332
69934885
70186201
69760747
69951851
70246308
69777799
70109400
69507146
70443929
75619580
70621736
70157445
69763807
69725979
69991632
69839052
69740323
70379178
69784649
69482594
69440096
69908692
69556751
69883401
70130327
69845001
70049583
70573257
71185673
70357854
70034559
72385981
70511382
69892338
69925637
69637000
70375785
70309672
69597871
76264139
69978754
69909563
69695762
69745498
69987846
68775046
69761550
69671516
69971307
69956623
69611318
69998437
72896577
70684049
70074252
70009282
69577420
69211015
69382266
69573268
69873958
70230064
69840895
69564759
70034628
69388706
69986045
69540094
69972708
68847273
69619576
71710960
70359314
77936695
70353862
69607953
69687419
69622328
69747766
69613046
69082459
69563295
69418723
69584069
69906758
69565331
69655067
69872300
69602316
70085718
69867388
69916311
68889148
69195636
74380286
69927546
74437297
69447943
69791915
69352660
70086819
69683893
69439322
69919138
69928878
68441672
68164588
68195046
68716949
67661563
67592379
68900996
68875732
67566034
68321702
68805562
68650321
69569449
69632577
69922649
69994154
69933197
69772508
69619503
69448624
69980985
69995382
71232883
69956047
69605264
69356721
69774172
69800218
73486037
69806304
69971851
69522867
69905454
68615001
69215603
70214758
70398965
69321966
69753414
70135679
69793002
69634657
70282912
69946583
69391434
69892743
69805520
69433231
69883079
70495401
70123139
71186525
69886328
69766560
69712456
70069662
69205967
69843120
69514057
70252956
70326451
70510515
69338754
69445938
70298538
69509540
74237893
69818729
75346182
69799954
69977434
69471527
69933690
69475772
69139264
70127686
69727129
69155686
69452728
70988316
69930790
69424841
69345292
69961709
70110098
77939064
70079980
69980706
69578759
69728975
70005125
69550419
69905719
69741651
69963539
69599000
70227439
69434933
70034070
68376937
69200540
69582194
70076769
71990843
70182491
70248664
69483571
69430152
69626798
70118282
69627834
70072110
69825820
70262509
69861721
69856070
69567759
69869059
69262706
69650159
69980044
69331317
70985722
70030660
74357243
70075594
74690988
69591024
69719018
69698091
69353009
69809702
69666990
69451869
69813755
69646143
69895359
69618272
72813542
69806700
70044747
69720308
69903889
68830964
67980639
68254233
68761851
68319320
68474232
67570355
67947593
68190765
68800825
68103346
68771649
73267629
69988525
69811120
70150299
69804370
69769763
69403979
69595617
69336201
69675886
69400786
70062375
69885532
69316396
69753562
69302439
68800869
69762203
70148270
70238706
69288329
69433553
69813514
69959851
70154168
69531513
69837225
69469017
69523370
68857584
69274988
69488689
69507524
73951380
69986758
69514530
69948905
69764274
69770416
69475489
69598275
70072551
69743853
69652140
70293638
69635264
69803162
69555538
76719966
73462813
69362322
70342337
70394877
69459669
69943972
69574335
69630846
70317472
69715880
69992389
70118241
69471947
69814803
69940185
69961213
72834391
70487181
70206238
69531492
69645070
69660662
69717171
69619389
69816884
69884014
69250311
69831681
69245013
69855753
69288479
73199788
69853783
69743560
69886225
69994792
70147843
70007772
69286992
70414866
69961321
69797925
69392265
69489619
69437569
69764487
71391144
70255349
69812424
69948127
69880633
69367187
69793603
69637239
69965951
73775512
69462370
74878591
69371942
69497943
69602720
78215738
70065577
70183044
70114530
69875270
69526319
70054795
69812036
69846752
79622367
69792200
70596052
69709225
69863497
69843074
73909940
70217958
70038927
69497861
69375726
69055663
69489098
69827833
69971375
69772038
69596108
69641855
68800710
69129199
73963724
69204045
68953492
70021150
69807363
69389638
69860081
70176615
69595399
70138263
69451566
68797162
69511855
69801343
69789270
70368184
70055674
70032948
70015732
69577738
69472521
69645045
69399043
69813023
69433650
69933471
69613223
69673625
71817423
69912716
68678485
69670932
69912624
70143593
70030840
69969456
70031540
69497092
69845489
69686586
69544535
69773782
75307880
70054130
75176440
69373806
69490357
70003675
69361329
68616212
69896123
69661971
69543793
69486396
69809762
72394737
69992769
70113491
69979933
70051664
70041310
69513807
69927944
69807406
69480294
69579190
69412615
69212167
68673060
72452422
69790602
69837685
69954560
69469110
70215108
69631451
70023381
69596513
69831259
69667898
69824910
69391288
72038810
70142772
69716768
69937861
69433005
68427331
69557343
69508652
70017227
69435738
70100214
69573795
69289400
69483168
69962132
69828929
69868434
70161976
74989442
69787672
75525685
70078288
69610595
69528587
68491197
76861864
70311374
70221297
69946187
69315945
69270520
69245319
69542185
70046231
69828611
69583787
69735539
73016711
69513413
69897455
70364365
69793312
68551940
69248181
68867198
69632387
69888209
69291778
69495607
69503676
69845642
70219014
69676537
69799307
69393027
69600492
69591147
69607911
69630509
70029156
72362978
68483332
69366055
70112790
69904665
69938188
69579658
69749886
69291048
69725477
69426353
69472781
70308521
71769301
70450677
69526267
69782192
69841806
69904980
68683681
69574568
69646112
69840225
69926376
69549994
73331220
69868703
69455026
69103320
69712143
69832632
69028851
69643662
69814651
69952271
69279814
73404947
83144439
69988598
69995787
69898591
69236418
69502947
69540733
70020610
69877605
69359810
69792422
74634828
70437540
70279379
70273120
69931082
69695368
72190126
69139350
70026130
69639313
69695605
74472797
70004692
69551308
70066981
69932220
69050653
70003667
69873625
69538495
69341099
69745087
74308759
70055541
68773642
69350902
69254655
70126283
69587598
69903532
69696787
69802656
69309356
72486481
69996783
69784634
69847528
69770072
69616237
69564138
69667673
72275813
68963027
72140773
69420957
87997426
69895323
87484277
69848183
69801053
69514945
69955387
69799289
69144424
73725824
70476127
69745049
69720597
69755172
69183582
69215174
70065563
70095603
69843032
73597582
69694424
69922403
69921184
70311472
69341822
70240363
69757425
69679252
69742820
69865501
69842224
69074821
69470340
69296668
70689765
69230884
69944219
69450007
69252008
69587463
70530132
126894733
70086693
70689618
69337692
70212977
69708889
70335047
68891130
69638965
69693230
69857066
69519521
201492461
70088070
69478952
68903258
69759883
69777626
73497642
70229467
69437214
69904046
69995378
72601975
70444556
69715373
70183091
69400319
73502882
69828828
69503684
69743689
69622888
69766976
69755825
70312673
69260432
69546559
75868289
69347388
69816810
69781271
70146798
69747292
69490059
69933584
69655118
73782233
69633402
69639895
69822157
70253736
69532347
69759360
70310446
69607541
78748197
68522325
68721251
69904436
69620382
69443951
69116913
70092228
69410167
72336160
69846643
69795922
69851577
69677295
69464421
69261584
69710976
68629033
69166573
69900661
69817885
69312057
70062180
69341082
70698916
69861714
69239225
69662852
69918939
69734720
69288972
69232542
69531641
69177726
69293206
69266146
72707926
69060958
73706576
69931509
74407252
69521683